1.57079632679489660
1.57079251209763070
1.57078869740036490
1.57078488270309900
1.57078106800583320
1.57077725330856730
1.57077343861130150
1.57076962391403560
1.57076580921676980
1.57076199451950390
1.57075817982223810
1.57075436512497220
1.57075055042770640
1.57074673573044050
1.57074292103317470
1.57073910633590890
1.57073529163864300
1.57073147694137720
1.57072766224411130
1.57072384754684550
1.57072003284957960
1.57071621815231380
1.57071240345504790
1.57070858875778210
1.57070477406051620
1.57070095936325040
1.57069714466598450
1.57069332996871870
1.57068951527145280
1.57068570057418700
1.57068188587692110
1.57067807117965530
1.57067425648238950
1.57067044178512360
1.57066662708785780
1.57066281239059190
1.57065899769332610
1.57065518299606020
1.57065136829879440
1.57064755360152850
1.57064373890426270
1.57063992420699680
1.57063610950973100
1.57063229481246510
1.57062848011519930
1.57062466541793340
1.57062085072066760
1.57061703602340170
1.57061322132613590
1.57060940662887010
1.57060559193160420
1.57060177723433840
1.57059796253707250
1.57059414783980670
1.57059033314254080
1.57058651844527500
1.57058270374800910
1.57057888905074330
1.57057507435347740
1.57057125965621160
1.57056744495894570
1.57056363026167990
1.57055981556441400
1.57055600086714820
1.57055218616988230
1.57054837147261650
1.57054455677535070
1.57054074207808480
1.57053692738081900
1.57053311268355310
1.57052929798628730
1.57052548328902140
1.57052166859175560
1.57051785389448970
1.57051403919722390
1.57051022449995800
1.57050640980269220
1.57050259510542630
1.57049878040816050
1.57049496571089460
1.57049115101362880
1.57048733631636290
1.57048352161909710
1.57047970692183130
1.57047589222456540
1.57047207752729960
1.57046826283003370
1.57046444813276790
1.57046063343550200
1.57045681873823620
1.57045300404097030
1.57044918934370450
1.57044537464643860
1.57044155994917280
1.57043774525190690
1.57043393055464110
1.57043011585737520
1.57042630116010940
1.57042248646284350
1.57041867176557770
1.57041485706831190
1.57041104237104600
1.57040722767378020
1.57040341297651430
1.57039959827924850
1.57039578358198260
1.57039196888471680
1.57038815418745090
1.57038433949018510
1.57038052479291920
1.57037671009565340
1.57037289539838750
1.57036908070112170
1.57036526600385580
1.57036145130659000
1.57035763660932410
1.57035382191205830
1.57035000721479250
1.57034619251752660
1.57034237782026080
1.57033856312299490
1.57033474842572910
1.57033093372846320
1.57032711903119740
1.57032330433393150
1.57031948963666570
1.57031567493939980
1.57031186024213400
1.57030804554486810
1.57030423084760230
1.57030041615033640
1.57029660145307060
1.57029278675580470
1.57028897205853890
1.57028515736127310
1.57028134266400720
1.57027752796674140
1.57027371326947550
1.57026989857220970
1.57026608387494380
1.57026226917767800
1.57025845448041210
1.57025463978314630
1.57025082508588040
1.57024701038861460
1.57024319569134870
1.57023938099408290
1.57023556629681700
1.57023175159955120
1.57022793690228530
1.57022412220501950
1.57022030750775370
1.57021649281048780
1.57021267811322200
1.57020886341595610
1.57020504871869030
1.57020123402142440
1.57019741932415860
1.57019360462689270
1.57018978992962690
1.57018597523236100
1.57018216053509520
1.57017834583782930
1.57017453114056350
1.57017071644329760
1.57016690174603180
1.57016308704876590
1.57015927235150010
1.57015545765423430
1.57015164295696840
1.57014782825970260
1.57014401356243670
1.57014019886517090
1.57013638416790500
1.57013256947063920
1.57012875477337330
1.57012494007610750
1.57012112537884160
1.57011731068157580
1.57011349598430990
1.57010968128704410
1.57010586658977820
1.57010205189251240
1.57009823719524650
1.57009442249798070
1.57009060780071490
1.57008679310344900
1.57008297840618320
1.57007916370891730
1.57007534901165150
1.57007153431438560
1.57006771961711980
1.57006390491985390
1.57006009022258810
1.57005627552532220
1.57005246082805640
1.57004864613079050
1.57004483143352470
1.57004101673625880
1.57003720203899300
1.57003338734172710
1.57002957264446130
1.57002575794719550
1.57002194324992960
1.57001812855266380
1.57001431385539790
1.57001049915813210
1.57000668446086620
1.57000286976360040
1.56999905506633450
1.56999524036906870
1.56999142567180280
1.56998761097453700
1.56998379627727110
1.56997998158000530
1.56997616688273940
1.56997235218547360
1.56996853748820770
1.56996472279094190
1.56996090809367610
1.56995709339641020
1.56995327869914440
1.56994946400187850
1.56994564930461270
1.56994183460734680
1.56993801991008100
1.56993420521281510
1.56993039051554930
1.56992657581828340
1.56992276112101760
1.56991894642375170
1.56991513172648590
1.56991131702922000
1.56990750233195420
1.56990368763468830
1.56989987293742250
1.56989605824015670
1.56989224354289080
1.56988842884562500
1.56988461414835910
1.56988079945109330
1.56987698475382740
1.56987317005656160
1.56986935535929570
1.56986554066202990
1.56986172596476400
1.56985791126749820
1.56985409657023230
1.56985028187296650
1.56984646717570060
1.56984265247843480
1.56983883778116890
1.56983502308390310
1.56983120838663730
1.56982739368937140
1.56982357899210560
1.56981976429483970
1.56981594959757390
1.56981213490030800
1.56980832020304220
1.56980450550577630
1.56980069080851050
1.56979687611124460
1.56979306141397880
1.56978924671671290
1.56978543201944710
1.56978161732218120
1.56977780262491540
1.56977398792764960
1.56977017323038370
1.56976635853311790
1.56976254383585200
1.56975872913858620
1.56975491444132030
1.56975109974405450
1.56974728504678860
1.56974347034952280
1.56973965565225690
1.56973584095499110
1.56973202625772520
1.56972821156045940
1.56972439686319350
1.56972058216592770
1.56971676746866180
1.56971295277139600
1.56970913807413020
1.56970532337686430
1.56970150867959850
1.56969769398233260
1.56969387928506680
1.56969006458780090
1.56968624989053510
1.56968243519326920
1.56967862049600340
1.56967480579873750
1.56967099110147170
1.56966717640420580
1.56966336170694000
1.56965954700967410
1.56965573231240830
1.56965191761514240
1.56964810291787660
1.56964428822061080
1.56964047352334490
1.56963665882607910
1.56963284412881320
1.56962902943154740
1.56962521473428150
1.56962140003701570
1.56961758533974980
1.56961377064248400
1.56960995594521810
1.56960614124795230
1.56960232655068640
1.56959851185342060
1.56959469715615470
1.56959088245888890
1.56958706776162300
1.56958325306435720
1.56957943836709140
1.56957562366982550
1.56957180897255970
1.56956799427529380
1.56956417957802800
1.56956036488076210
1.56955655018349630
1.56955273548623040
1.56954892078896460
1.56954510609169870
1.56954129139443290
1.56953747669716700
1.56953366199990120
1.56952984730263530
1.56952603260536950
1.56952221790810360
1.56951840321083780
1.56951458851357200
1.56951077381630610
1.56950695911904030
1.56950314442177440
1.56949932972450860
1.56949551502724270
1.56949170032997690
1.56948788563271100
1.56948407093544520
1.56948025623817930
1.56947644154091350
1.56947262684364760
1.56946881214638180
1.56946499744911590
1.56946118275185010
1.56945736805458420
1.56945355335731840
1.56944973866005260
1.56944592396278670
1.56944210926552090
1.56943829456825500
1.56943447987098920
1.56943066517372330
1.56942685047645750
1.56942303577919160
1.56941922108192580
1.56941540638465990
1.56941159168739410
1.56940777699012820
1.56940396229286240
1.56940014759559650
1.56939633289833070
1.56939251820106480
1.56938870350379900
1.56938488880653320
1.56938107410926730
1.56937725941200150
1.56937344471473560
1.56936963001746980
1.56936581532020390
1.56936200062293810
1.56935818592567220
1.56935437122840640
1.56935055653114050
1.56934674183387470
1.56934292713660880
1.56933911243934300
1.56933529774207710
1.56933148304481130
1.56932766834754540
1.56932385365027960
1.56932003895301380
1.56931622425574790
1.56931240955848210
1.56930859486121620
1.56930478016395040
1.56930096546668450
1.56929715076941870
1.56929333607215280
1.56928952137488700
1.56928570667762110
1.56928189198035530
1.56927807728308940
1.56927426258582360
1.56927044788855770
1.56926663319129190
1.56926281849402600
1.56925900379676020
1.56925518909949440
1.56925137440222850
1.56924755970496270
1.56924374500769680
1.56923993031043100
1.56923611561316510
1.56923230091589930
1.56922848621863340
1.56922467152136760
1.56922085682410170
1.56921704212683590
1.56921322742957000
1.56920941273230420
1.56920559803503830
1.56920178333777250
1.56919796864050660
1.56919415394324080
1.56919033924597500
1.56918652454870910
1.56918270985144330
1.56917889515417740
1.56917508045691160
1.56917126575964570
1.56916745106237990
1.56916363636511400
1.56915982166784820
1.56915600697058230
1.56915219227331650
1.56914837757605060
1.56914456287878480
1.56914074818151890
1.56913693348425310
1.56913311878698720
1.56912930408972140
1.56912548939245560
1.56912167469518970
1.56911785999792390
1.56911404530065800
1.56911023060339220
1.56910641590612630
1.56910260120886050
1.56909878651159460
1.56909497181432880
1.56909115711706290
1.56908734241979710
1.56908352772253120
1.56907971302526540
1.56907589832799950
1.56907208363073370
1.56906826893346780
1.56906445423620200
1.56906063953893620
1.56905682484167030
1.56905301014440450
1.56904919544713860
1.56904538074987280
1.56904156605260690
1.56903775135534110
1.56903393665807520
1.56903012196080940
1.56902630726354350
1.56902249256627770
1.56901867786901180
1.56901486317174600
1.56901104847448010
1.56900723377721430
1.56900341907994840
1.56899960438268260
1.56899578968541680
1.56899197498815090
1.56898816029088510
1.56898434559361920
1.56898053089635340
1.56897671619908750
1.56897290150182170
1.56896908680455580
1.56896527210729000
1.56896145741002410
1.56895764271275830
1.56895382801549240
1.56895001331822660
1.56894619862096070
1.56894238392369490
1.56893856922642900
1.56893475452916320
1.56893093983189740
1.56892712513463150
1.56892331043736570
1.56891949574009980
1.56891568104283400
1.56891186634556810
1.56890805164830230
1.56890423695103640
1.56890042225377060
1.56889660755650470
1.56889279285923890
1.56888897816197300
1.56888516346470720
1.56888134876744130
1.56887753407017550
1.56887371937290960
1.56886990467564380
1.56886608997837800
1.56886227528111210
1.56885846058384630
1.56885464588658040
1.56885083118931460
1.56884701649204870
1.56884320179478290
1.56883938709751700
1.56883557240025120
1.56883175770298530
1.56882794300571950
1.56882412830845360
1.56882031361118780
1.56881649891392190
1.56881268421665610
1.56880886951939020
1.56880505482212440
1.56880124012485860
1.56879742542759270
1.56879361073032690
1.56878979603306100
1.56878598133579520
1.56878216663852930
1.56877835194126350
1.56877453724399760
1.56877072254673180
1.56876690784946590
1.56876309315220010
1.56875927845493420
1.56875546375766840
1.56875164906040250
1.56874783436313670
1.56874401966587080
1.56874020496860500
1.56873639027133920
1.56873257557407330
1.56872876087680750
1.56872494617954160
1.56872113148227580
1.56871731678500990
1.56871350208774410
1.56870968739047820
1.56870587269321240
1.56870205799594650
1.56869824329868070
1.56869442860141480
1.56869061390414900
1.56868679920688310
1.56868298450961730
1.56867916981235140
1.56867535511508560
1.56867154041781980
1.56866772572055390
1.56866391102328810
1.56866009632602220
1.56865628162875640
1.56865246693149050
1.56864865223422470
1.56864483753695880
1.56864102283969300
1.56863720814242710
1.56863339344516130
1.56862957874789540
1.56862576405062960
1.56862194935336370
1.56861813465609790
1.56861431995883200
1.56861050526156620
1.56860669056430040
1.56860287586703450
1.56859906116976870
1.56859524647250280
1.56859143177523700
1.56858761707797110
1.56858380238070530
1.56857998768343940
1.56857617298617360
1.56857235828890770
1.56856854359164190
1.56856472889437600
1.56856091419711020
1.56855709949984430
1.56855328480257850
1.56854947010531260
1.56854565540804680
1.56854184071078100
1.56853802601351510
1.56853421131624930
1.56853039661898340
1.56852658192171760
1.56852276722445170
1.56851895252718590
1.56851513782992000
1.56851132313265420
1.56850750843538830
1.56850369373812250
1.56849987904085660
1.56849606434359080
1.56849224964632490
1.56848843494905910
1.56848462025179320
1.56848080555452740
1.56847699085726160
1.56847317615999570
1.56846936146272990
1.56846554676546400
1.56846173206819820
1.56845791737093230
1.56845410267366650
1.56845028797640060
1.56844647327913480
1.56844265858186890
1.56843884388460310
1.56843502918733720
1.56843121449007140
1.56842739979280550
1.56842358509553970
1.56841977039827380
1.56841595570100800
1.56841214100374220
1.56840832630647630
1.56840451160921050
1.56840069691194460
1.56839688221467880
1.56839306751741290
1.56838925282014710
1.56838543812288120
1.56838162342561540
1.56837780872834950
1.56837399403108370
1.56837017933381780
1.56836636463655200
1.56836254993928610
1.56835873524202030
1.56835492054475440
1.56835110584748860
1.56834729115022280
1.56834347645295690
1.56833966175569110
1.56833584705842520
1.56833203236115940
1.56832821766389350
1.56832440296662770
1.56832058826936180
1.56831677357209600
1.56831295887483010
1.56830914417756430
1.56830532948029840
1.56830151478303260
1.56829770008576670
1.56829388538850090
1.56829007069123500
1.56828625599396920
1.56828244129670340
1.56827862659943750
1.56827481190217170
1.56827099720490580
1.56826718250764000
1.56826336781037410
1.56825955311310830
1.56825573841584240
1.56825192371857660
1.56824810902131070
1.56824429432404490
1.56824047962677900
1.56823666492951320
1.56823285023224730
1.56822903553498150
1.56822522083771560
1.56822140614044980
1.56821759144318400
1.56821377674591810
1.56820996204865230
1.56820614735138640
1.56820233265412060
1.56819851795685470
1.56819470325958890
1.56819088856232300
1.56818707386505720
1.56818325916779130
1.56817944447052550
1.56817562977325960
1.56817181507599380
1.56816800037872790
1.56816418568146210
1.56816037098419630
1.56815655628693040
1.56815274158966460
1.56814892689239870
1.56814511219513290
1.56814129749786700
1.56813748280060120
1.56813366810333530
1.56812985340606950
1.56812603870880360
1.56812222401153780
1.56811840931427190
1.56811459461700610
1.56811077991974020
1.56810696522247440
1.56810315052520850
1.56809933582794270
1.56809552113067690
1.56809170643341100
1.56808789173614520
1.56808407703887930
1.56808026234161350
1.56807644764434760
1.56807263294708180
1.56806881824981590
1.56806500355255010
1.56806118885528420
1.56805737415801840
1.56805355946075250
1.56804974476348670
1.56804593006622080
1.56804211536895500
1.56803830067168910
1.56803448597442330
1.56803067127715750
1.56802685657989160
1.56802304188262580
1.56801922718535990
1.56801541248809410
1.56801159779082820
1.56800778309356240
1.56800396839629650
1.56800015369903070
1.56799633900176480
1.56799252430449900
1.56798870960723310
1.56798489490996730
1.56798108021270140
1.56797726551543560
1.56797345081816970
1.56796963612090390
1.56796582142363810
1.56796200672637220
1.56795819202910640
1.56795437733184050
1.56795056263457470
1.56794674793730880
1.56794293324004300
1.56793911854277710
1.56793530384551130
1.56793148914824540
1.56792767445097960
1.56792385975371370
1.56792004505644790
1.56791623035918200
1.56791241566191620
1.56790860096465030
1.56790478626738450
1.56790097157011870
1.56789715687285280
1.56789334217558700
1.56788952747832110
1.56788571278105530
1.56788189808378940
1.56787808338652360
1.56787426868925770
1.56787045399199190
1.56786663929472600
1.56786282459746020
1.56785900990019430
1.56785519520292850
1.56785138050566260
1.56784756580839680
1.56784375111113090
1.56783993641386510
1.56783612171659930
1.56783230701933340
1.56782849232206760
1.56782467762480170
1.56782086292753590
1.56781704823027000
1.56781323353300420
1.56780941883573830
1.56780560413847250
1.56780178944120660
1.56779797474394080
1.56779416004667490
1.56779034534940910
1.56778653065214320
1.56778271595487740
1.56777890125761150
1.56777508656034570
1.56777127186307990
1.56776745716581400
1.56776364246854820
1.56775982777128230
1.56775601307401650
1.56775219837675060
1.56774838367948480
1.56774456898221890
1.56774075428495310
1.56773693958768720
1.56773312489042140
1.56772931019315550
1.56772549549588970
1.56772168079862380
1.56771786610135800
1.56771405140409210
1.56771023670682630
1.56770642200956050
1.56770260731229460
1.56769879261502880
1.56769497791776290
1.56769116322049710
1.56768734852323120
1.56768353382596540
1.56767971912869950
1.56767590443143370
1.56767208973416780
1.56766827503690200
1.56766446033963610
1.56766064564237030
1.56765683094510440
1.56765301624783860
1.56764920155057270
1.56764538685330690
1.56764157215604110
1.56763775745877520
1.56763394276150940
1.56763012806424350
1.56762631336697770
1.56762249866971180
1.56761868397244600
1.56761486927518010
1.56761105457791430
1.56760723988064840
1.56760342518338260
1.56759961048611670
1.56759579578885090
1.56759198109158500
1.56758816639431920
1.56758435169705330
1.56758053699978750
1.56757672230252170
1.56757290760525580
1.56756909290799000
1.56756527821072410
1.56756146351345830
1.56755764881619240
1.56755383411892660
1.56755001942166070
1.56754620472439490
1.56754239002712900
1.56753857532986320
1.56753476063259730
1.56753094593533150
1.56752713123806560
1.56752331654079980
1.56751950184353390
1.56751568714626810
1.56751187244900230
1.56750805775173640
1.56750424305447060
1.56750042835720470
1.56749661365993890
1.56749279896267300
1.56748898426540720
1.56748516956814130
1.56748135487087550
1.56747754017360960
1.56747372547634380
1.56746991077907790
1.56746609608181210
1.56746228138454620
1.56745846668728040
1.56745465199001450
1.56745083729274870
1.56744702259548290
1.56744320789821700
1.56743939320095120
1.56743557850368530
1.56743176380641950
1.56742794910915360
1.56742413441188780
1.56742031971462190
1.56741650501735610
1.56741269032009020
1.56740887562282440
1.56740506092555850
1.56740124622829270
1.56739743153102680
1.56739361683376100
1.56738980213649510
1.56738598743922930
1.56738217274196350
1.56737835804469760
1.56737454334743180
1.56737072865016590
1.56736691395290010
1.56736309925563420
1.56735928455836840
1.56735546986110250
1.56735165516383670
1.56734784046657080
1.56734402576930500
1.56734021107203910
1.56733639637477330
1.56733258167750740
1.56732876698024160
1.56732495228297570
1.56732113758570990
1.56731732288844410
1.56731350819117820
1.56730969349391240
1.56730587879664650
1.56730206409938070
1.56729824940211480
1.56729443470484900
1.56729062000758310
1.56728680531031730
1.56728299061305140
1.56727917591578560
1.56727536121851970
1.56727154652125390
1.56726773182398800
1.56726391712672220
1.56726010242945630
1.56725628773219050
1.56725247303492470
1.56724865833765880
1.56724484364039300
1.56724102894312710
1.56723721424586130
1.56723339954859540
1.56722958485132960
1.56722577015406370
1.56722195545679790
1.56721814075953200
1.56721432606226620
1.56721051136500030
1.56720669666773450
1.56720288197046860
1.56719906727320280
1.56719525257593690
1.56719143787867110
1.56718762318140530
1.56718380848413940
1.56717999378687360
1.56717617908960770
1.56717236439234190
1.56716854969507600
1.56716473499781020
1.56716092030054430
1.56715710560327850
1.56715329090601260
1.56714947620874680
1.56714566151148090
1.56714184681421510
1.56713803211694920
1.56713421741968340
1.56713040272241750
1.56712658802515170
1.56712277332788590
1.56711895863062000
1.56711514393335420
1.56711132923608830
1.56710751453882250
1.56710369984155660
1.56709988514429080
1.56709607044702490
1.56709225574975910
1.56708844105249320
1.56708462635522740
1.56708081165796150
1.56707699696069570
1.56707318226342980
1.56706936756616400
1.56706555286889810
1.56706173817163230
1.56705792347436650
1.56705410877710060
1.56705029407983480
1.56704647938256890
1.56704266468530310
1.56703884998803720
1.56703503529077140
1.56703122059350550
1.56702740589623970
1.56702359119897380
1.56701977650170800
1.56701596180444210
1.56701214710717630
1.56700833240991040
1.56700451771264460
1.56700070301537870
1.56699688831811290
1.56699307362084710
1.56698925892358120
1.56698544422631540
1.56698162952904950
1.56697781483178370
1.56697400013451780
1.56697018543725200
1.56696637073998610
1.56696255604272030
1.56695874134545440
1.56695492664818860
1.56695111195092270
1.56694729725365690
1.56694348255639100
1.56693966785912520
1.56693585316185930
1.56693203846459350
1.56692822376732770
1.56692440907006180
1.56692059437279600
1.56691677967553010
1.56691296497826430
1.56690915028099840
1.56690533558373260
1.56690152088646670
1.56689770618920090
1.56689389149193500
