1.00000000000000000
0.99999999999272404
0.99999999997089617
0.99999999993451638
0.99999999988358468
0.99999999981810106
0.99999999973806553
0.99999999964347808
0.99999999953433871
0.99999999941064743
0.99999999927240424
0.99999999911960913
0.99999999895226210
0.99999999877036316
0.99999999857391231
0.99999999836290954
0.99999999813735485
0.99999999789724825
0.99999999764258973
0.99999999737337930
0.99999999708961695
0.99999999679130269
0.99999999647843651
0.99999999615101842
0.99999999580904841
0.99999999545252649
0.99999999508145265
0.99999999469582690
0.99999999429564923
0.99999999388091965
0.99999999345163815
0.99999999300780473
0.99999999254941940
0.99999999207648216
0.99999999158899300
0.99999999108695192
0.99999999057035893
0.99999999003921403
0.99999998949351721
0.99999998893326847
0.99999998835846782
0.99999998776911525
0.99999998716521077
0.99999998654675437
0.99999998591374606
0.99999998526618583
0.99999998460407369
0.99999998392740963
0.99999998323619366
0.99999998253042577
0.99999998181010596
0.99999998107523436
0.99999998032581072
0.99999997956183517
0.99999997878330771
0.99999997799022833
0.99999997718259703
0.99999997636041382
0.99999997552367870
0.99999997467239166
0.99999997380655270
0.99999997292616183
0.99999997203121904
0.99999997112172434
0.99999997019767772
0.99999996925907919
0.99999996830592874
0.99999996733822649
0.99999996635597221
0.99999996535916602
0.99999996434780791
0.99999996332189789
0.99999996228143595
0.99999996122642210
0.99999996015685633
0.99999995907273864
0.99999995797406915
0.99999995686084764
0.99999995573307421
0.99999995459074886
0.99999995343387160
0.99999995226244243
0.99999995107646145
0.99999994987592844
0.99999994866084352
0.99999994743120668
0.99999994618701793
0.99999994492827726
0.99999994365498479
0.99999994236714029
0.99999994106474388
0.99999993974779555
0.99999993841629542
0.99999993707024326
0.99999993570963919
0.99999993433448320
0.99999993294477540
0.99999993154051559
0.99999993012170385
0.99999992868834031
0.99999992724042475
0.99999992577795727
0.99999992430093798
0.99999992280936667
0.99999992130324344
0.99999991978256841
0.99999991824734136
0.99999991669756239
0.99999991513323161
0.99999991355434881
0.99999991196091420
0.99999991035292757
0.99999990873038902
0.99999990709329867
0.99999990544165629
0.99999990377546211
0.99999990209471590
0.99999990039941788
0.99999989868956785
0.99999989696516600
0.99999989522621213
0.99999989347270646
0.99999989170464876
0.99999988992203925
0.99999988812487783
0.99999988631316439
0.99999988448689914
0.99999988264608197
0.99999988079071278
0.99999987892079178
0.99999987703631887
0.99999987513729394
0.99999987322371720
0.99999987129558854
0.99999986935290786
0.99999986739567537
0.99999986542389097
0.99999986343755465
0.99999986143666642
0.99999985942122627
0.99999985739123409
0.99999985534669011
0.99999985328759422
0.99999985121394641
0.99999984912574669
0.99999984702299505
0.99999984490569149
0.99999984277383602
0.99999984062742864
0.99999983846646934
0.99999983629095812
0.99999983410089499
0.99999983189627994
0.99999982967711298
0.99999982744339422
0.99999982519512343
0.99999982293230072
0.99999982065492610
0.99999981836299956
0.99999981605652122
0.99999981373549085
0.99999981139990857
0.99999980904977448
0.99999980668508837
0.99999980430585034
0.99999980191206050
0.99999979950371864
0.99999979708082498
0.99999979464337929
0.99999979219138180
0.99999978972483228
0.99999978724373095
0.99999978474807760
0.99999978223787245
0.99999977971311538
0.99999977717380628
0.99999977461994538
0.99999977205153256
0.99999976946856783
0.99999976687105108
0.99999976425898252
0.99999976163236204
0.99999975899118965
0.99999975633546534
0.99999975366518912
0.99999975098036098
0.99999974828098093
0.99999974556704896
0.99999974283856508
0.99999974009552928
0.99999973733794156
0.99999973456580193
0.99999973177911050
0.99999972897786704
0.99999972616207167
0.99999972333172449
0.99999972048682528
0.99999971762737416
0.99999971475337124
0.99999971186481629
0.99999970896170953
0.99999970604405075
0.99999970311184017
0.99999970016507767
0.99999969720376314
0.99999969422789681
0.99999969123747856
0.99999968823250840
0.99999968521298621
0.99999968217891222
0.99999967913028631
0.99999967606710849
0.99999967298937875
0.99999966989709710
0.99999966679026353
0.99999966366887805
0.99999966053294076
0.99999965738245145
0.99999965421741022
0.99999965103781707
0.99999964784367212
0.99999964463497515
0.99999964141172637
0.99999963817392556
0.99999963492157296
0.99999963165466832
0.99999962837321188
0.99999962507720352
0.99999962176664314
0.99999961844153096
0.99999961510186686
0.99999961174765084
0.99999960837888291
0.99999960499556306
0.99999960159769130
0.99999959818526762
0.99999959475829203
0.99999959131676452
0.99999958786068521
0.99999958439005388
0.99999958090487062
0.99999957740513556
0.99999957389084848
0.99999957036200959
0.99999956681861868
0.99999956326067596
0.99999955968818133
0.99999955610113467
0.99999955249953620
0.99999954888338582
0.99999954525268353
0.99999954160742932
0.99999953794762320
0.99999953427326516
0.99999953058435520
0.99999952688089344
0.99999952316287966
0.99999951943031395
0.99999951568319645
0.99999951192152692
0.99999950814530558
0.99999950435453222
0.99999950054920705
0.99999949672932997
0.99999949289490098
0.99999948904591995
0.99999948518238713
0.99999948130430238
0.99999947741166573
0.99999947350447727
0.99999946958273678
0.99999946564644437
0.99999946169560006
0.99999945773020393
0.99999945375025578
0.99999944975575583
0.99999944574670396
0.99999944172310007
0.99999943768494437
0.99999943363223676
0.99999942956497723
0.99999942548316578
0.99999942138680242
0.99999941727588715
0.99999941315041996
0.99999940901040096
0.99999940485582994
0.99999940068670712
0.99999939650303227
0.99999939230480561
0.99999938809202693
0.99999938386469645
0.99999937962281404
0.99999937536637973
0.99999937109539350
0.99999936680985535
0.99999936250976529
0.99999935819512342
0.99999935386592953
0.99999934952218383
0.99999934516388611
0.99999934079103658
0.99999933640363503
0.99999933200168167
0.99999932758517640
0.99999932315411921
0.99999931870851011
0.99999931424834909
0.99999930977363616
0.99999930528437142
0.99999930078055466
0.99999929626218609
0.99999929172926549
0.99999928718179310
0.99999928261976878
0.99999927804319255
0.99999927345206441
0.99999926884638435
0.99999926422615237
0.99999925959136848
0.99999925494203279
0.99999925027814507
0.99999924559970554
0.99999924090671399
0.99999923619917064
0.99999923147707537
0.99999922674042818
0.99999922198922908
0.99999921722347807
0.99999921244317513
0.99999920764832040
0.99999920283891364
0.99999919801495507
0.99999919317644448
0.99999918832338208
0.99999918345576777
0.99999917857360154
0.99999917367688340
0.99999916876561334
0.99999916383979148
0.99999915889941760
0.99999915394449190
0.99999914897501418
0.99999914399098466
0.99999913899240322
0.99999913397926987
0.99999912895158460
0.99999912390934742
0.99999911885255843
0.99999911378121742
0.99999910869532460
0.99999910359487976
0.99999909847988311
0.99999909335033454
0.99999908820623407
0.99999908304758167
0.99999907787437747
0.99999907268662125
0.99999906748431311
0.99999906226745316
0.99999905703604131
0.99999905179007753
0.99999904652956184
0.99999904125449424
0.99999903596487472
0.99999903066070339
0.99999902534198004
0.99999902000870489
0.99999901466087771
0.99999900929849872
0.99999900392156782
0.99999899853008511
0.99999899312405038
0.99999898770346374
0.99999898226832529
0.99999897681863492
0.99999897135439253
0.99999896587559833
0.99999896038225222
0.99999895487435431
0.99999894935190436
0.99999894381490262
0.99999893826334885
0.99999893269724327
0.99999892711658578
0.99999892152137637
0.99999891591161505
0.99999891028730181
0.99999890464843677
0.99999889899501981
0.99999889332705083
0.99999888764453004
0.99999888194745734
0.99999887623583283
0.99999887050965630
0.99999886476892785
0.99999885901364760
0.99999885324381543
0.99999884745943135
0.99999884166049535
0.99999883584700744
0.99999883001896772
0.99999882417637598
0.99999881831923243
0.99999881244753697
0.99999880656128959
0.99999880066049029
0.99999879474513909
0.99999878881523607
0.99999878287078114
0.99999877691177419
0.99999877093821543
0.99999876495010487
0.99999875894744228
0.99999875293022777
0.99999874689846147
0.99999874085214324
0.99999873479127310
0.99999872871585105
0.99999872262587708
0.99999871652135131
0.99999871040227351
0.99999870426864390
0.99999869812046238
0.99999869195772895
0.99999868578044360
0.99999867958860644
0.99999867338221737
0.99999866716127628
0.99999866092578338
0.99999865467573867
0.99999864841114194
0.99999864213199330
0.99999863583829285
0.99999862953004048
0.99999862320723620
0.99999861686988001
0.99999861051797201
0.99999860415151198
0.99999859777050015
0.99999859137493641
0.99999858496482075
0.99999857854015328
0.99999857210093379
0.99999856564716250
0.99999855917883929
0.99999855269596416
0.99999854619853712
0.99999853968655827
0.99999853316002740
0.99999852661894473
0.99999852006331014
0.99999851349312374
0.99999850690838532
0.99999850030909510
0.99999849369525295
0.99999848706685890
0.99999848042391293
0.99999847376641504
0.99999846709436535
0.99999846040776375
0.99999845370661022
0.99999844699090479
0.99999844026064744
0.99999843351583828
0.99999842675647721
0.99999841998256422
0.99999841319409932
0.99999840639108262
0.99999839957351389
0.99999839274139335
0.99999838589472090
0.99999837903349664
0.99999837215772036
0.99999836526739228
0.99999835836251227
0.99999835144308036
0.99999834450909664
0.99999833756056089
0.99999833059747334
0.99999832361983387
0.99999831662764249
0.99999830962089931
0.99999830259960409
0.99999829556375708
0.99999828851335826
0.99999828144840741
0.99999827436890465
0.99999826727485008
0.99999826016624360
0.99999825304308532
0.99999824590537501
0.99999823875311289
0.99999823158629886
0.99999822440493291
0.99999821720901505
0.99999820999854538
0.99999820277352380
0.99999819553395031
0.99999818827982501
0.99999818101114768
0.99999817372791855
0.99999816643013750
0.99999815911780454
0.99999815179091978
0.99999814444948310
0.99999813709349450
0.99999812972295399
0.99999812233786167
0.99999811493821733
0.99999810752402130
0.99999810009527323
0.99999809265197326
0.99999808519412148
0.99999807772171778
0.99999807023476217
0.99999806273325476
0.99999805521719543
0.99999804768658418
0.99999804014142102
0.99999803258170605
0.99999802500743917
0.99999801741862038
0.99999800981524967
0.99999800219732715
0.99999799456485261
0.99999798691782638
0.99999797925624812
0.99999797158011805
0.99999796388943596
0.99999795618420217
0.99999794846441636
0.99999794073007875
0.99999793298118922
0.99999792521774777
0.99999791743975452
0.99999790964720925
0.99999790184011217
0.99999789401846328
0.99999788618226237
0.99999787833150966
0.99999787046620514
0.99999786258634860
0.99999785469194025
0.99999784678297998
0.99999783885946780
0.99999783092140382
0.99999782296878792
0.99999781500162011
0.99999780701990038
0.99999779902362884
0.99999779101280539
0.99999778298743003
0.99999777494750286
0.99999776689302378
0.99999775882399278
0.99999775074040986
0.99999774264227514
0.99999773452958851
0.99999772640235007
0.99999771826055961
0.99999771010421734
0.99999770193332327
0.99999769374787717
0.99999768554787927
0.99999767733332945
0.99999766910422783
0.99999766086057418
0.99999765260236884
0.99999764432961147
0.99999763604230230
0.99999762774044121
0.99999761942402821
0.99999761109306340
0.99999760274754668
0.99999759438747804
0.99999758601285749
0.99999757762368513
0.99999756921996097
0.99999756080168478
0.99999755236885679
0.99999754392147688
0.99999753545954517
0.99999752698306144
0.99999751849202601
0.99999750998643855
0.99999750146629929
0.99999749293160811
0.99999748438236502
0.99999747581857013
0.99999746724022331
0.99999745864732470
0.99999745003987417
0.99999744141787172
0.99999743278131736
0.99999742413021120
0.99999741546455312
0.99999740678434323
0.99999739808958132
0.99999738938026761
0.99999738065640209
0.99999737191798466
0.99999736316501531
0.99999735439749404
0.99999734561542097
0.99999733681879610
0.99999732800761920
0.99999731918189050
0.99999731034160988
0.99999730148677746
0.99999729261739312
0.99999728373345687
0.99999727483496881
0.99999726592192884
0.99999725699433695
0.99999724805219325
0.99999723909549765
0.99999723012425024
0.99999722113845080
0.99999721213809967
0.99999720312319651
0.99999719409374155
0.99999718504973467
0.99999717599117599
0.99999716691806539
0.99999715783040299
0.99999714872818857
0.99999713961142245
0.99999713048010430
0.99999712133423435
0.99999711217381249
0.99999710299883882
0.99999709380931323
0.99999708460523573
0.99999707538660643
0.99999706615342521
0.99999705690569218
0.99999704764340724
0.99999703836657039
0.99999702907518173
0.99999701976924116
0.99999701044874878
0.99999700111370449
0.99999699176410828
0.99999698239996027
0.99999697302126034
0.99999696362800850
0.99999695422020485
0.99999694479784929
0.99999693536094192
0.99999692590948264
0.99999691644347155
0.99999690696290855
0.99999689746779363
0.99999688795812691
0.99999687843390828
0.99999686889513772
0.99999685934181537
0.99999684977394121
0.99999684019151502
0.99999683059453703
0.99999682098300724
0.99999681135692553
0.99999680171629191
0.99999679206110648
0.99999678239136924
0.99999677270707998
0.99999676300823892
0.99999675329484605
0.99999674356690127
0.99999673382440457
0.99999672406735607
0.99999671429575565
0.99999670450960343
0.99999669470889929
0.99999668489364335
0.99999667506383549
0.99999666521947572
0.99999665536056415
0.99999664548710065
0.99999663559908536
0.99999662569651815
0.99999661577939913
0.99999660584772820
0.99999659590150536
0.99999658594073071
0.99999657596540426
0.99999656597552578
0.99999655597109560
0.99999654595211340
0.99999653591857951
0.99999652587049359
0.99999651580785587
0.99999650573066634
0.99999649563892490
0.99999648553263154
0.99999647541178638
0.99999646527638941
0.99999645512644053
0.99999644496193973
0.99999643478288713
0.99999642458928262
0.99999641438112630
0.99999640415841806
0.99999639392115802
0.99999638366934607
0.99999637340298220
0.99999636312206652
0.99999635282659904
0.99999634251657965
0.99999633219200845
0.99999632185288534
0.99999631149921031
0.99999630113098348
0.99999629074820473
0.99999628035087418
0.99999626993899182
0.99999625951255755
0.99999624907157136
0.99999623861603337
0.99999622814594347
0.99999621766130176
0.99999620716210824
0.99999619664836281
0.99999618612006547
0.99999617557721632
0.99999616501981525
0.99999615444786238
0.99999614386135771
0.99999613326030101
0.99999612264469262
0.99999611201453231
0.99999610136982009
0.99999609071055606
0.99999608003674023
0.99999606934837237
0.99999605864545282
0.99999604792798136
0.99999603719595798
0.99999602644938279
0.99999601568825580
0.99999600491257690
0.99999599412234619
0.99999598331756356
0.99999597249822902
0.99999596166434279
0.99999595081590453
0.99999593995291458
0.99999592907537260
0.99999591818327893
0.99999590727663323
0.99999589635543584
0.99999588541968654
0.99999587446938532
0.99999586350453229
0.99999585252512746
0.99999584153117071
0.99999583052266205
0.99999581949960159
0.99999580846198932
0.99999579740982514
0.99999578634310915
0.99999577526184136
0.99999576416602165
0.99999575305565003
0.99999574193072660
0.99999573079125137
0.99999571963722422
0.99999570846864516
0.99999569728551441
0.99999568608783174
0.99999567487559715
0.99999566364881076
0.99999565240747246
0.99999564115158246
0.99999562988114044
0.99999561859614672
0.99999560729660097
0.99999559598250354
0.99999558465385419
0.99999557331065292
0.99999556195289985
0.99999555058059497
0.99999553919373818
0.99999552779232959
0.99999551637636919
0.99999550494585687
0.99999549350079264
0.99999548204117672
0.99999547056700888
0.99999545907828913
0.99999544757501757
0.99999543605719421
0.99999542452481893
0.99999541297789185
0.99999540141641285
0.99999538984038205
0.99999537824979945
0.99999536664466493
0.99999535502497860
0.99999534339074037
0.99999533174195032
0.99999532007860847
0.99999530840071471
0.99999529670826914
0.99999528500127177
0.99999527327972249
0.99999526154362128
0.99999524979296839
0.99999523802776358
0.99999522624800685
0.99999521445369843
0.99999520264483810
0.99999519082142585
0.99999517898346180
0.99999516713094594
0.99999515526387817
0.99999514338225859
0.99999513148608721
0.99999511957536391
0.99999510765008881
0.99999509571026191
0.99999508375588309
0.99999507178695246
0.99999505980346992
0.99999504780543569
0.99999503579284943
0.99999502376571148
0.99999501172402161
0.99999499966777994
0.99999498759698635
0.99999497551164096
0.99999496341174376
0.99999495129729465
0.99999493916829385
0.99999492702474102
0.99999491486663650
0.99999490269398006
0.99999489050677171
0.99999487830501166
0.99999486608869970
0.99999485385783593
0.99999484161242025
0.99999482935245276
0.99999481707793347
0.99999480478886227
0.99999479248523926
0.99999478016706445
0.99999476783433783
0.99999475548705929
0.99999474312522896
0.99999473074884671
0.99999471835791276
0.99999470595242690
0.99999469353238912
0.99999468109779965
0.99999466864865827
0.99999465618496497
0.99999464370671998
0.99999463121392307
0.99999461870657436
0.99999460618467373
0.99999459364822130
0.99999458109721706
0.99999456853166102
0.99999455595155307
0.99999454335689331
0.99999453074768174
0.99999451812391837
0.99999450548560309
0.99999449283273600
0.99999448016531711
0.99999446748334631
0.99999445478682369
0.99999444207574928
0.99999442935012306
0.99999441660994492
0.99999440385521499
0.99999439108593324
0.99999437830209958
0.99999436550371423
0.99999435269077697
0.99999433986328778
0.99999432702124691
0.99999431416465412
0.99999430129350952
0.99999428840781313
0.99999427550756481
0.99999426259276469
0.99999424966341277
0.99999423671950904
0.99999422376105340
0.99999421078804607
0.99999419780048682
0.99999418479837565
0.99999417178171279
0.99999415875049802
0.99999414570473144
0.99999413264441306
0.99999411956954287
0.99999410648012077
0.99999409337614686
0.99999408025762115
0.99999406712454364
0.99999405397691421
0.99999404081473298
0.99999402763799994
0.99999401444671510
0.99999400124087845
0.99999398802048989
0.99999397478554952
0.99999396153605735
0.99999394827201338
0.99999393499341749
0.99999392170026991
0.99999390839257041
0.99999389507031911
0.99999388173351589
0.99999386838216098
0.99999385501625415
0.99999384163579552
0.99999382824078509
0.99999381483122285
0.99999380140710881
0.99999378796844285
0.99999377451522509
0.99999376104745552
0.99999374756513415
0.99999373406826086
0.99999372055683589
0.99999370703085899
0.99999369349033029
0.99999367993524979
0.99999366636561748
0.99999365278143337
0.99999363918269735
0.99999362556940952
0.99999361194156988
0.99999359829917844
0.99999358464223520
0.99999357097074015
0.99999355728469319
0.99999354358409442
0.99999352986894385
0.99999351613924148
0.99999350239498730
0.99999348863618132
0.99999347486282342
0.99999346107491383
0.99999344727245232
0.99999343345543901
0.99999341962387389
0.99999340577775697
0.99999339191708825
0.99999337804186761
0.99999336415209528
0.99999335024777103
0.99999333632889498
0.99999332239546712
0.99999330844748746
0.99999329448495600
0.99999328050787273
0.99999326651623754
0.99999325251005067
0.99999323848931188
0.99999322445402128
0.99999321040417888
0.99999319633978467
0.99999318226083866
0.99999316816734085
0.99999315405929123
0.99999313993668970
0.99999312579953648
0.99999311164783133
0.99999309748157439
0.99999308330076564
0.99999306910540509
0.99999305489549273
0.99999304067102857
0.99999302643201260
0.99999301217844483
0.99999299791032525
0.99999298362765376
0.99999296933043058
0.99999295501865548
0.99999294069232858
0.99999292635144998
0.99999291199601947
0.99999289762603716
0.99999288324150304
0.99999286884241712
0.99999285442877939
0.99999284000058986
0.99999282555784841
0.99999281110055527
0.99999279662871032
0.99999278214231346
0.99999276764136491
0.99999275312586444
0.99999273859581228
0.99999272405120820
0.99999270949205243
0.99999269491834475
0.99999268033008526
0.99999266572727397
0.99999265110991098
0.99999263647799608
0.99999262183152937
0.99999260717051086
0.99999259249494055
0.99999257780481843
0.99999256310014450
0.99999254838091878
0.99999253364714125
0.99999251889881191
0.99999250413593077
0.99999248935849783
0.99999247456651297
0.99999245975997642
0.99999244493888806
0.99999243010324790
0.99999241525305593
0.99999240038831216
0.99999238550901648
