                                       -15
9.7a4da340a0ab92650f61dbdcb3a5abf6   16
                                  16
                                       -13
c.a963b81856a53593028cbbb8d7ff53ba   16
                                  16
                                       -11
d.73f9f399dc0f88ec32b58774657f48f6   16
                                  16
                                       -9
b.092309d43684be51c198e91d7b4269da   16
                                  16
                                       -7
6.b99159fd5138e3f9d1f92e0df71c7881   16
                                  16
0.00002e3bc74aad8e671f5583911ca002e3bc7
                                       16
0.000d00d00d00d00d00d00d00d00d00d00d01
                                      16
0.0222222222222222222222222222222222
                                    16
0.2aaaaaaaaaaaaaaaaaaaaaaaaaaaaaaab
                                   16
1.000000000000000000000000000000000
                                   16
