1.5707963267948966e+000
1.5707925120976307e+000
1.5707886974003649e+000
1.5707848827030990e+000
1.5707810680058332e+000
1.5707772533085673e+000
1.5707734386113015e+000
1.5707696239140356e+000
1.5707658092167698e+000
1.5707619945195039e+000
1.5707581798222381e+000
1.5707543651249722e+000
1.5707505504277064e+000
1.5707467357304405e+000
1.5707429210331747e+000
1.5707391063359089e+000
1.5707352916386430e+000
1.5707314769413772e+000
1.5707276622441113e+000
1.5707238475468455e+000
1.5707200328495796e+000
1.5707162181523138e+000
1.5707124034550479e+000
1.5707085887577821e+000
1.5707047740605162e+000
1.5707009593632504e+000
1.5706971446659845e+000
1.5706933299687187e+000
1.5706895152714528e+000
1.5706857005741870e+000
1.5706818858769211e+000
1.5706780711796553e+000
1.5706742564823895e+000
1.5706704417851236e+000
1.5706666270878578e+000
1.5706628123905919e+000
1.5706589976933261e+000
1.5706551829960602e+000
1.5706513682987944e+000
1.5706475536015285e+000
1.5706437389042627e+000
1.5706399242069968e+000
1.5706361095097310e+000
1.5706322948124651e+000
1.5706284801151993e+000
1.5706246654179334e+000
1.5706208507206676e+000
1.5706170360234017e+000
1.5706132213261359e+000
1.5706094066288701e+000
1.5706055919316042e+000
1.5706017772343384e+000
1.5705979625370725e+000
1.5705941478398067e+000
1.5705903331425408e+000
1.5705865184452750e+000
1.5705827037480091e+000
1.5705788890507433e+000
1.5705750743534774e+000
1.5705712596562116e+000
1.5705674449589457e+000
1.5705636302616799e+000
1.5705598155644140e+000
1.5705560008671482e+000
1.5705521861698823e+000
1.5705483714726165e+000
1.5705445567753507e+000
1.5705407420780848e+000
1.5705369273808190e+000
1.5705331126835531e+000
1.5705292979862873e+000
1.5705254832890214e+000
1.5705216685917556e+000
1.5705178538944897e+000
1.5705140391972239e+000
1.5705102244999580e+000
1.5705064098026922e+000
1.5705025951054263e+000
1.5704987804081605e+000
1.5704949657108946e+000
1.5704911510136288e+000
1.5704873363163629e+000
1.5704835216190971e+000
1.5704797069218313e+000
1.5704758922245654e+000
1.5704720775272996e+000
1.5704682628300337e+000
1.5704644481327679e+000
1.5704606334355020e+000
1.5704568187382362e+000
1.5704530040409703e+000
1.5704491893437045e+000
1.5704453746464386e+000
1.5704415599491728e+000
1.5704377452519069e+000
1.5704339305546411e+000
1.5704301158573752e+000
1.5704263011601094e+000
1.5704224864628435e+000
1.5704186717655777e+000
1.5704148570683119e+000
1.5704110423710460e+000
1.5704072276737802e+000
1.5704034129765143e+000
1.5703995982792485e+000
1.5703957835819826e+000
1.5703919688847168e+000
1.5703881541874509e+000
1.5703843394901851e+000
1.5703805247929192e+000
1.5703767100956534e+000
1.5703728953983875e+000
1.5703690807011217e+000
1.5703652660038558e+000
1.5703614513065900e+000
1.5703576366093241e+000
1.5703538219120583e+000
1.5703500072147925e+000
1.5703461925175266e+000
1.5703423778202608e+000
1.5703385631229949e+000
1.5703347484257291e+000
1.5703309337284632e+000
1.5703271190311974e+000
1.5703233043339315e+000
1.5703194896366657e+000
1.5703156749393998e+000
1.5703118602421340e+000
1.5703080455448681e+000
1.5703042308476023e+000
1.5703004161503364e+000
1.5702966014530706e+000
1.5702927867558047e+000
1.5702889720585389e+000
1.5702851573612731e+000
1.5702813426640072e+000
1.5702775279667414e+000
1.5702737132694755e+000
1.5702698985722097e+000
1.5702660838749438e+000
1.5702622691776780e+000
1.5702584544804121e+000
1.5702546397831463e+000
1.5702508250858804e+000
1.5702470103886146e+000
1.5702431956913487e+000
1.5702393809940829e+000
1.5702355662968170e+000
1.5702317515995512e+000
1.5702279369022853e+000
1.5702241222050195e+000
1.5702203075077537e+000
1.5702164928104878e+000
1.5702126781132220e+000
1.5702088634159561e+000
1.5702050487186903e+000
1.5702012340214244e+000
1.5701974193241586e+000
1.5701936046268927e+000
1.5701897899296269e+000
1.5701859752323610e+000
1.5701821605350952e+000
1.5701783458378293e+000
1.5701745311405635e+000
1.5701707164432976e+000
1.5701669017460318e+000
1.5701630870487659e+000
1.5701592723515001e+000
1.5701554576542343e+000
1.5701516429569684e+000
1.5701478282597026e+000
1.5701440135624367e+000
1.5701401988651709e+000
1.5701363841679050e+000
1.5701325694706392e+000
1.5701287547733733e+000
1.5701249400761075e+000
1.5701211253788416e+000
1.5701173106815758e+000
1.5701134959843099e+000
1.5701096812870441e+000
1.5701058665897782e+000
1.5701020518925124e+000
1.5700982371952465e+000
1.5700944224979807e+000
1.5700906078007149e+000
1.5700867931034490e+000
1.5700829784061832e+000
1.5700791637089173e+000
1.5700753490116515e+000
1.5700715343143856e+000
1.5700677196171198e+000
1.5700639049198539e+000
1.5700600902225881e+000
1.5700562755253222e+000
1.5700524608280564e+000
1.5700486461307905e+000
1.5700448314335247e+000
1.5700410167362588e+000
1.5700372020389930e+000
1.5700333873417271e+000
1.5700295726444613e+000
1.5700257579471955e+000
1.5700219432499296e+000
1.5700181285526638e+000
1.5700143138553979e+000
1.5700104991581321e+000
1.5700066844608662e+000
1.5700028697636004e+000
1.5699990550663345e+000
1.5699952403690687e+000
1.5699914256718028e+000
1.5699876109745370e+000
1.5699837962772711e+000
1.5699799815800053e+000
1.5699761668827394e+000
1.5699723521854736e+000
1.5699685374882077e+000
1.5699647227909419e+000
1.5699609080936761e+000
1.5699570933964102e+000
1.5699532786991444e+000
1.5699494640018785e+000
1.5699456493046127e+000
1.5699418346073468e+000
1.5699380199100810e+000
1.5699342052128151e+000
1.5699303905155493e+000
1.5699265758182834e+000
1.5699227611210176e+000
1.5699189464237517e+000
1.5699151317264859e+000
1.5699113170292200e+000
1.5699075023319542e+000
1.5699036876346883e+000
1.5698998729374225e+000
1.5698960582401567e+000
1.5698922435428908e+000
1.5698884288456250e+000
1.5698846141483591e+000
1.5698807994510933e+000
1.5698769847538274e+000
1.5698731700565616e+000
1.5698693553592957e+000
1.5698655406620299e+000
1.5698617259647640e+000
1.5698579112674982e+000
1.5698540965702323e+000
1.5698502818729665e+000
1.5698464671757006e+000
1.5698426524784348e+000
1.5698388377811689e+000
1.5698350230839031e+000
1.5698312083866373e+000
1.5698273936893714e+000
1.5698235789921056e+000
1.5698197642948397e+000
1.5698159495975739e+000
1.5698121349003080e+000
1.5698083202030422e+000
1.5698045055057763e+000
1.5698006908085105e+000
1.5697968761112446e+000
1.5697930614139788e+000
1.5697892467167129e+000
1.5697854320194471e+000
1.5697816173221812e+000
1.5697778026249154e+000
1.5697739879276496e+000
1.5697701732303837e+000
1.5697663585331179e+000
1.5697625438358520e+000
1.5697587291385862e+000
1.5697549144413203e+000
1.5697510997440545e+000
1.5697472850467886e+000
1.5697434703495228e+000
1.5697396556522569e+000
1.5697358409549911e+000
1.5697320262577252e+000
1.5697282115604594e+000
1.5697243968631935e+000
1.5697205821659277e+000
1.5697167674686618e+000
1.5697129527713960e+000
1.5697091380741302e+000
1.5697053233768643e+000
1.5697015086795985e+000
1.5696976939823326e+000
1.5696938792850668e+000
1.5696900645878009e+000
1.5696862498905351e+000
1.5696824351932692e+000
1.5696786204960034e+000
1.5696748057987375e+000
1.5696709911014717e+000
1.5696671764042058e+000
1.5696633617069400e+000
1.5696595470096741e+000
1.5696557323124083e+000
1.5696519176151424e+000
1.5696481029178766e+000
1.5696442882206108e+000
1.5696404735233449e+000
1.5696366588260791e+000
1.5696328441288132e+000
1.5696290294315474e+000
1.5696252147342815e+000
1.5696214000370157e+000
1.5696175853397498e+000
1.5696137706424840e+000
1.5696099559452181e+000
1.5696061412479523e+000
1.5696023265506864e+000
1.5695985118534206e+000
1.5695946971561547e+000
1.5695908824588889e+000
1.5695870677616230e+000
1.5695832530643572e+000
1.5695794383670914e+000
1.5695756236698255e+000
1.5695718089725597e+000
1.5695679942752938e+000
1.5695641795780280e+000
1.5695603648807621e+000
1.5695565501834963e+000
1.5695527354862304e+000
1.5695489207889646e+000
1.5695451060916987e+000
1.5695412913944329e+000
1.5695374766971670e+000
1.5695336619999012e+000
1.5695298473026353e+000
1.5695260326053695e+000
1.5695222179081036e+000
1.5695184032108378e+000
1.5695145885135720e+000
1.5695107738163061e+000
1.5695069591190403e+000
1.5695031444217744e+000
1.5694993297245086e+000
1.5694955150272427e+000
1.5694917003299769e+000
1.5694878856327110e+000
1.5694840709354452e+000
1.5694802562381793e+000
1.5694764415409135e+000
1.5694726268436476e+000
1.5694688121463818e+000
1.5694649974491159e+000
1.5694611827518501e+000
1.5694573680545842e+000
1.5694535533573184e+000
1.5694497386600526e+000
1.5694459239627867e+000
1.5694421092655209e+000
1.5694382945682550e+000
1.5694344798709892e+000
1.5694306651737233e+000
1.5694268504764575e+000
1.5694230357791916e+000
1.5694192210819258e+000
1.5694154063846599e+000
1.5694115916873941e+000
1.5694077769901282e+000
1.5694039622928624e+000
1.5694001475955965e+000
1.5693963328983307e+000
1.5693925182010648e+000
1.5693887035037990e+000
1.5693848888065332e+000
1.5693810741092673e+000
1.5693772594120015e+000
1.5693734447147356e+000
1.5693696300174698e+000
1.5693658153202039e+000
1.5693620006229381e+000
1.5693581859256722e+000
1.5693543712284064e+000
1.5693505565311405e+000
1.5693467418338747e+000
1.5693429271366088e+000
1.5693391124393430e+000
1.5693352977420771e+000
1.5693314830448113e+000
1.5693276683475454e+000
1.5693238536502796e+000
1.5693200389530138e+000
1.5693162242557479e+000
1.5693124095584821e+000
1.5693085948612162e+000
1.5693047801639504e+000
1.5693009654666845e+000
1.5692971507694187e+000
1.5692933360721528e+000
1.5692895213748870e+000
1.5692857066776211e+000
1.5692818919803553e+000
1.5692780772830894e+000
1.5692742625858236e+000
1.5692704478885577e+000
1.5692666331912919e+000
1.5692628184940260e+000
1.5692590037967602e+000
1.5692551890994944e+000
1.5692513744022285e+000
1.5692475597049627e+000
1.5692437450076968e+000
1.5692399303104310e+000
1.5692361156131651e+000
1.5692323009158993e+000
1.5692284862186334e+000
1.5692246715213676e+000
1.5692208568241017e+000
1.5692170421268359e+000
1.5692132274295700e+000
1.5692094127323042e+000
1.5692055980350383e+000
1.5692017833377725e+000
1.5691979686405066e+000
1.5691941539432408e+000
1.5691903392459750e+000
1.5691865245487091e+000
1.5691827098514433e+000
1.5691788951541774e+000
1.5691750804569116e+000
1.5691712657596457e+000
1.5691674510623799e+000
1.5691636363651140e+000
1.5691598216678482e+000
1.5691560069705823e+000
1.5691521922733165e+000
1.5691483775760506e+000
1.5691445628787848e+000
1.5691407481815189e+000
1.5691369334842531e+000
1.5691331187869872e+000
1.5691293040897214e+000
1.5691254893924556e+000
1.5691216746951897e+000
1.5691178599979239e+000
1.5691140453006580e+000
1.5691102306033922e+000
1.5691064159061263e+000
1.5691026012088605e+000
1.5690987865115946e+000
1.5690949718143288e+000
1.5690911571170629e+000
1.5690873424197971e+000
1.5690835277225312e+000
1.5690797130252654e+000
1.5690758983279995e+000
1.5690720836307337e+000
1.5690682689334678e+000
1.5690644542362020e+000
1.5690606395389362e+000
1.5690568248416703e+000
1.5690530101444045e+000
1.5690491954471386e+000
1.5690453807498728e+000
1.5690415660526069e+000
1.5690377513553411e+000
1.5690339366580752e+000
1.5690301219608094e+000
1.5690263072635435e+000
1.5690224925662777e+000
1.5690186778690118e+000
1.5690148631717460e+000
1.5690110484744801e+000
1.5690072337772143e+000
1.5690034190799484e+000
1.5689996043826826e+000
1.5689957896854168e+000
1.5689919749881509e+000
1.5689881602908851e+000
1.5689843455936192e+000
1.5689805308963534e+000
1.5689767161990875e+000
1.5689729015018217e+000
1.5689690868045558e+000
1.5689652721072900e+000
1.5689614574100241e+000
1.5689576427127583e+000
1.5689538280154924e+000
1.5689500133182266e+000
1.5689461986209607e+000
1.5689423839236949e+000
1.5689385692264290e+000
1.5689347545291632e+000
1.5689309398318974e+000
1.5689271251346315e+000
1.5689233104373657e+000
1.5689194957400998e+000
1.5689156810428340e+000
1.5689118663455681e+000
1.5689080516483023e+000
1.5689042369510364e+000
1.5689004222537706e+000
1.5688966075565047e+000
1.5688927928592389e+000
1.5688889781619730e+000
1.5688851634647072e+000
1.5688813487674413e+000
1.5688775340701755e+000
1.5688737193729096e+000
1.5688699046756438e+000
1.5688660899783780e+000
1.5688622752811121e+000
1.5688584605838463e+000
1.5688546458865804e+000
1.5688508311893146e+000
1.5688470164920487e+000
1.5688432017947829e+000
1.5688393870975170e+000
1.5688355724002512e+000
1.5688317577029853e+000
1.5688279430057195e+000
1.5688241283084536e+000
1.5688203136111878e+000
1.5688164989139219e+000
1.5688126842166561e+000
1.5688088695193902e+000
1.5688050548221244e+000
1.5688012401248586e+000
1.5687974254275927e+000
1.5687936107303269e+000
1.5687897960330610e+000
1.5687859813357952e+000
1.5687821666385293e+000
1.5687783519412635e+000
1.5687745372439976e+000
1.5687707225467318e+000
1.5687669078494659e+000
1.5687630931522001e+000
1.5687592784549342e+000
1.5687554637576684e+000
1.5687516490604025e+000
1.5687478343631367e+000
1.5687440196658708e+000
1.5687402049686050e+000
1.5687363902713392e+000
1.5687325755740733e+000
1.5687287608768075e+000
1.5687249461795416e+000
1.5687211314822758e+000
1.5687173167850099e+000
1.5687135020877441e+000
1.5687096873904782e+000
1.5687058726932124e+000
1.5687020579959465e+000
1.5686982432986807e+000
1.5686944286014148e+000
1.5686906139041490e+000
1.5686867992068831e+000
1.5686829845096173e+000
1.5686791698123514e+000
1.5686753551150856e+000
1.5686715404178198e+000
1.5686677257205539e+000
1.5686639110232881e+000
1.5686600963260222e+000
1.5686562816287564e+000
1.5686524669314905e+000
1.5686486522342247e+000
1.5686448375369588e+000
1.5686410228396930e+000
1.5686372081424271e+000
1.5686333934451613e+000
1.5686295787478954e+000
1.5686257640506296e+000
1.5686219493533637e+000
1.5686181346560979e+000
1.5686143199588320e+000
1.5686105052615662e+000
1.5686066905643004e+000
1.5686028758670345e+000
1.5685990611697687e+000
1.5685952464725028e+000
1.5685914317752370e+000
1.5685876170779711e+000
1.5685838023807053e+000
1.5685799876834394e+000
1.5685761729861736e+000
1.5685723582889077e+000
1.5685685435916419e+000
1.5685647288943760e+000
1.5685609141971102e+000
1.5685570994998443e+000
1.5685532848025785e+000
1.5685494701053126e+000
1.5685456554080468e+000
1.5685418407107810e+000
1.5685380260135151e+000
1.5685342113162493e+000
1.5685303966189834e+000
1.5685265819217176e+000
1.5685227672244517e+000
1.5685189525271859e+000
1.5685151378299200e+000
1.5685113231326542e+000
1.5685075084353883e+000
1.5685036937381225e+000
1.5684998790408566e+000
1.5684960643435908e+000
1.5684922496463249e+000
1.5684884349490591e+000
1.5684846202517932e+000
1.5684808055545274e+000
1.5684769908572616e+000
1.5684731761599957e+000
1.5684693614627299e+000
1.5684655467654640e+000
1.5684617320681982e+000
1.5684579173709323e+000
1.5684541026736665e+000
1.5684502879764006e+000
1.5684464732791348e+000
1.5684426585818689e+000
1.5684388438846031e+000
1.5684350291873372e+000
1.5684312144900714e+000
1.5684273997928055e+000
1.5684235850955397e+000
1.5684197703982738e+000
1.5684159557010080e+000
1.5684121410037422e+000
1.5684083263064763e+000
1.5684045116092105e+000
1.5684006969119446e+000
1.5683968822146788e+000
1.5683930675174129e+000
1.5683892528201471e+000
1.5683854381228812e+000
1.5683816234256154e+000
1.5683778087283495e+000
1.5683739940310837e+000
1.5683701793338178e+000
1.5683663646365520e+000
1.5683625499392861e+000
1.5683587352420203e+000
1.5683549205447544e+000
1.5683511058474886e+000
1.5683472911502228e+000
1.5683434764529569e+000
1.5683396617556911e+000
1.5683358470584252e+000
1.5683320323611594e+000
1.5683282176638935e+000
1.5683244029666277e+000
1.5683205882693618e+000
1.5683167735720960e+000
1.5683129588748301e+000
1.5683091441775643e+000
1.5683053294802984e+000
1.5683015147830326e+000
1.5682977000857667e+000
1.5682938853885009e+000
1.5682900706912350e+000
1.5682862559939692e+000
1.5682824412967034e+000
1.5682786265994375e+000
1.5682748119021717e+000
1.5682709972049058e+000
1.5682671825076400e+000
1.5682633678103741e+000
1.5682595531131083e+000
1.5682557384158424e+000
1.5682519237185766e+000
1.5682481090213107e+000
1.5682442943240449e+000
1.5682404796267790e+000
1.5682366649295132e+000
1.5682328502322473e+000
1.5682290355349815e+000
1.5682252208377156e+000
1.5682214061404498e+000
1.5682175914431840e+000
1.5682137767459181e+000
1.5682099620486523e+000
1.5682061473513864e+000
1.5682023326541206e+000
1.5681985179568547e+000
1.5681947032595889e+000
1.5681908885623230e+000
1.5681870738650572e+000
1.5681832591677913e+000
1.5681794444705255e+000
1.5681756297732596e+000
1.5681718150759938e+000
1.5681680003787279e+000
1.5681641856814621e+000
1.5681603709841963e+000
1.5681565562869304e+000
1.5681527415896646e+000
1.5681489268923987e+000
1.5681451121951329e+000
1.5681412974978670e+000
1.5681374828006012e+000
1.5681336681033353e+000
1.5681298534060695e+000
1.5681260387088036e+000
1.5681222240115378e+000
1.5681184093142719e+000
1.5681145946170061e+000
1.5681107799197402e+000
1.5681069652224744e+000
1.5681031505252085e+000
1.5680993358279427e+000
1.5680955211306769e+000
1.5680917064334110e+000
1.5680878917361452e+000
1.5680840770388793e+000
1.5680802623416135e+000
1.5680764476443476e+000
1.5680726329470818e+000
1.5680688182498159e+000
1.5680650035525501e+000
1.5680611888552842e+000
1.5680573741580184e+000
1.5680535594607525e+000
1.5680497447634867e+000
1.5680459300662208e+000
1.5680421153689550e+000
1.5680383006716891e+000
1.5680344859744233e+000
1.5680306712771575e+000
1.5680268565798916e+000
1.5680230418826258e+000
1.5680192271853599e+000
1.5680154124880941e+000
1.5680115977908282e+000
1.5680077830935624e+000
1.5680039683962965e+000
1.5680001536990307e+000
1.5679963390017648e+000
1.5679925243044990e+000
1.5679887096072331e+000
1.5679848949099673e+000
1.5679810802127014e+000
1.5679772655154356e+000
1.5679734508181697e+000
1.5679696361209039e+000
1.5679658214236381e+000
1.5679620067263722e+000
1.5679581920291064e+000
1.5679543773318405e+000
1.5679505626345747e+000
1.5679467479373088e+000
1.5679429332400430e+000
1.5679391185427771e+000
1.5679353038455113e+000
1.5679314891482454e+000
1.5679276744509796e+000
1.5679238597537137e+000
1.5679200450564479e+000
1.5679162303591820e+000
1.5679124156619162e+000
1.5679086009646503e+000
1.5679047862673845e+000
1.5679009715701187e+000
1.5678971568728528e+000
1.5678933421755870e+000
1.5678895274783211e+000
1.5678857127810553e+000
1.5678818980837894e+000
1.5678780833865236e+000
1.5678742686892577e+000
1.5678704539919919e+000
1.5678666392947260e+000
1.5678628245974602e+000
1.5678590099001943e+000
1.5678551952029285e+000
1.5678513805056626e+000
1.5678475658083968e+000
1.5678437511111309e+000
1.5678399364138651e+000
1.5678361217165993e+000
1.5678323070193334e+000
1.5678284923220676e+000
1.5678246776248017e+000
1.5678208629275359e+000
1.5678170482302700e+000
1.5678132335330042e+000
1.5678094188357383e+000
1.5678056041384725e+000
1.5678017894412066e+000
1.5677979747439408e+000
1.5677941600466749e+000
1.5677903453494091e+000
1.5677865306521432e+000
1.5677827159548774e+000
1.5677789012576115e+000
1.5677750865603457e+000
1.5677712718630799e+000
1.5677674571658140e+000
1.5677636424685482e+000
1.5677598277712823e+000
1.5677560130740165e+000
1.5677521983767506e+000
1.5677483836794848e+000
1.5677445689822189e+000
1.5677407542849531e+000
1.5677369395876872e+000
1.5677331248904214e+000
1.5677293101931555e+000
1.5677254954958897e+000
1.5677216807986238e+000
1.5677178661013580e+000
1.5677140514040921e+000
1.5677102367068263e+000
1.5677064220095605e+000
1.5677026073122946e+000
1.5676987926150288e+000
1.5676949779177629e+000
1.5676911632204971e+000
1.5676873485232312e+000
1.5676835338259654e+000
1.5676797191286995e+000
1.5676759044314337e+000
1.5676720897341678e+000
1.5676682750369020e+000
1.5676644603396361e+000
1.5676606456423703e+000
1.5676568309451044e+000
1.5676530162478386e+000
1.5676492015505727e+000
1.5676453868533069e+000
1.5676415721560411e+000
1.5676377574587752e+000
1.5676339427615094e+000
1.5676301280642435e+000
1.5676263133669777e+000
1.5676224986697118e+000
1.5676186839724460e+000
1.5676148692751801e+000
1.5676110545779143e+000
1.5676072398806484e+000
1.5676034251833826e+000
1.5675996104861167e+000
1.5675957957888509e+000
1.5675919810915850e+000
1.5675881663943192e+000
1.5675843516970533e+000
1.5675805369997875e+000
1.5675767223025217e+000
1.5675729076052558e+000
1.5675690929079900e+000
1.5675652782107241e+000
1.5675614635134583e+000
1.5675576488161924e+000
1.5675538341189266e+000
1.5675500194216607e+000
1.5675462047243949e+000
1.5675423900271290e+000
1.5675385753298632e+000
1.5675347606325973e+000
1.5675309459353315e+000
1.5675271312380656e+000
1.5675233165407998e+000
1.5675195018435339e+000
1.5675156871462681e+000
1.5675118724490023e+000
1.5675080577517364e+000
1.5675042430544706e+000
1.5675004283572047e+000
1.5674966136599389e+000
1.5674927989626730e+000
1.5674889842654072e+000
1.5674851695681413e+000
1.5674813548708755e+000
1.5674775401736096e+000
1.5674737254763438e+000
1.5674699107790779e+000
1.5674660960818121e+000
1.5674622813845462e+000
1.5674584666872804e+000
1.5674546519900145e+000
1.5674508372927487e+000
1.5674470225954829e+000
1.5674432078982170e+000
1.5674393932009512e+000
1.5674355785036853e+000
1.5674317638064195e+000
1.5674279491091536e+000
1.5674241344118878e+000
1.5674203197146219e+000
1.5674165050173561e+000
1.5674126903200902e+000
1.5674088756228244e+000
1.5674050609255585e+000
1.5674012462282927e+000
1.5673974315310268e+000
1.5673936168337610e+000
1.5673898021364951e+000
1.5673859874392293e+000
1.5673821727419635e+000
1.5673783580446976e+000
1.5673745433474318e+000
1.5673707286501659e+000
1.5673669139529001e+000
1.5673630992556342e+000
1.5673592845583684e+000
1.5673554698611025e+000
1.5673516551638367e+000
1.5673478404665708e+000
1.5673440257693050e+000
1.5673402110720391e+000
1.5673363963747733e+000
1.5673325816775074e+000
1.5673287669802416e+000
1.5673249522829757e+000
1.5673211375857099e+000
1.5673173228884441e+000
1.5673135081911782e+000
1.5673096934939124e+000
1.5673058787966465e+000
1.5673020640993807e+000
1.5672982494021148e+000
1.5672944347048490e+000
1.5672906200075831e+000
1.5672868053103173e+000
1.5672829906130514e+000
1.5672791759157856e+000
1.5672753612185197e+000
1.5672715465212539e+000
1.5672677318239880e+000
1.5672639171267222e+000
1.5672601024294563e+000
1.5672562877321905e+000
1.5672524730349247e+000
1.5672486583376588e+000
1.5672448436403930e+000
1.5672410289431271e+000
1.5672372142458613e+000
1.5672333995485954e+000
1.5672295848513296e+000
1.5672257701540637e+000
1.5672219554567979e+000
1.5672181407595320e+000
1.5672143260622662e+000
1.5672105113650003e+000
1.5672066966677345e+000
1.5672028819704686e+000
1.5671990672732028e+000
1.5671952525759369e+000
1.5671914378786711e+000
1.5671876231814053e+000
1.5671838084841394e+000
1.5671799937868736e+000
1.5671761790896077e+000
1.5671723643923419e+000
1.5671685496950760e+000
1.5671647349978102e+000
1.5671609203005443e+000
1.5671571056032785e+000
1.5671532909060126e+000
1.5671494762087468e+000
1.5671456615114809e+000
1.5671418468142151e+000
1.5671380321169492e+000
1.5671342174196834e+000
1.5671304027224175e+000
1.5671265880251517e+000
1.5671227733278859e+000
1.5671189586306200e+000
1.5671151439333542e+000
1.5671113292360883e+000
1.5671075145388225e+000
1.5671036998415566e+000
1.5670998851442908e+000
1.5670960704470249e+000
1.5670922557497591e+000
1.5670884410524932e+000
1.5670846263552274e+000
1.5670808116579615e+000
1.5670769969606957e+000
1.5670731822634298e+000
1.5670693675661640e+000
1.5670655528688981e+000
1.5670617381716323e+000
1.5670579234743665e+000
1.5670541087771006e+000
1.5670502940798348e+000
1.5670464793825689e+000
1.5670426646853031e+000
1.5670388499880372e+000
1.5670350352907714e+000
1.5670312205935055e+000
1.5670274058962397e+000
1.5670235911989738e+000
1.5670197765017080e+000
1.5670159618044421e+000
1.5670121471071763e+000
1.5670083324099104e+000
1.5670045177126446e+000
1.5670007030153787e+000
1.5669968883181129e+000
1.5669930736208471e+000
1.5669892589235812e+000
1.5669854442263154e+000
1.5669816295290495e+000
1.5669778148317837e+000
1.5669740001345178e+000
1.5669701854372520e+000
1.5669663707399861e+000
1.5669625560427203e+000
1.5669587413454544e+000
1.5669549266481886e+000
1.5669511119509227e+000
1.5669472972536569e+000
1.5669434825563910e+000
1.5669396678591252e+000
1.5669358531618593e+000
1.5669320384645935e+000
1.5669282237673277e+000
1.5669244090700618e+000
1.5669205943727960e+000
1.5669167796755301e+000
1.5669129649782643e+000
1.5669091502809984e+000
1.5669053355837326e+000
1.5669015208864667e+000
1.5668977061892009e+000
1.5668938914919350e+000
