1.0000000000000000e+000
9.9999999999272404e-001
9.9999999997089617e-001
9.9999999993451638e-001
9.9999999988358468e-001
9.9999999981810106e-001
9.9999999973806553e-001
9.9999999964347808e-001
9.9999999953433871e-001
9.9999999941064743e-001
9.9999999927240424e-001
9.9999999911960913e-001
9.9999999895226210e-001
9.9999999877036316e-001
9.9999999857391231e-001
9.9999999836290954e-001
9.9999999813735485e-001
9.9999999789724825e-001
9.9999999764258973e-001
9.9999999737337930e-001
9.9999999708961695e-001
9.9999999679130269e-001
9.9999999647843651e-001
9.9999999615101842e-001
9.9999999580904841e-001
9.9999999545252649e-001
9.9999999508145265e-001
9.9999999469582690e-001
9.9999999429564923e-001
9.9999999388091965e-001
9.9999999345163815e-001
9.9999999300780473e-001
9.9999999254941940e-001
9.9999999207648216e-001
9.9999999158899300e-001
9.9999999108695192e-001
9.9999999057035893e-001
9.9999999003921403e-001
9.9999998949351721e-001
9.9999998893326847e-001
9.9999998835846782e-001
9.9999998776911525e-001
9.9999998716521077e-001
9.9999998654675437e-001
9.9999998591374606e-001
9.9999998526618583e-001
9.9999998460407369e-001
9.9999998392740963e-001
9.9999998323619366e-001
9.9999998253042577e-001
9.9999998181010596e-001
9.9999998107523436e-001
9.9999998032581072e-001
9.9999997956183517e-001
9.9999997878330771e-001
9.9999997799022833e-001
9.9999997718259703e-001
9.9999997636041382e-001
9.9999997552367870e-001
9.9999997467239166e-001
9.9999997380655270e-001
9.9999997292616183e-001
9.9999997203121904e-001
9.9999997112172434e-001
9.9999997019767772e-001
9.9999996925907919e-001
9.9999996830592874e-001
9.9999996733822649e-001
9.9999996635597221e-001
9.9999996535916602e-001
9.9999996434780791e-001
9.9999996332189789e-001
9.9999996228143595e-001
9.9999996122642210e-001
9.9999996015685633e-001
9.9999995907273864e-001
9.9999995797406915e-001
9.9999995686084764e-001
9.9999995573307421e-001
9.9999995459074886e-001
9.9999995343387160e-001
9.9999995226244243e-001
9.9999995107646145e-001
9.9999994987592844e-001
9.9999994866084352e-001
9.9999994743120668e-001
9.9999994618701793e-001
9.9999994492827726e-001
9.9999994365498479e-001
9.9999994236714029e-001
9.9999994106474388e-001
9.9999993974779555e-001
9.9999993841629542e-001
9.9999993707024326e-001
9.9999993570963919e-001
9.9999993433448320e-001
9.9999993294477540e-001
9.9999993154051559e-001
9.9999993012170385e-001
9.9999992868834031e-001
9.9999992724042475e-001
9.9999992577795727e-001
9.9999992430093798e-001
9.9999992280936667e-001
9.9999992130324344e-001
9.9999991978256841e-001
9.9999991824734136e-001
9.9999991669756239e-001
9.9999991513323161e-001
9.9999991355434881e-001
9.9999991196091420e-001
9.9999991035292757e-001
9.9999990873038902e-001
9.9999990709329867e-001
9.9999990544165629e-001
9.9999990377546211e-001
9.9999990209471590e-001
9.9999990039941788e-001
9.9999989868956785e-001
9.9999989696516600e-001
9.9999989522621213e-001
9.9999989347270646e-001
9.9999989170464876e-001
9.9999988992203925e-001
9.9999988812487783e-001
9.9999988631316439e-001
9.9999988448689914e-001
9.9999988264608197e-001
9.9999988079071278e-001
9.9999987892079178e-001
9.9999987703631887e-001
9.9999987513729394e-001
9.9999987322371720e-001
9.9999987129558854e-001
9.9999986935290786e-001
9.9999986739567537e-001
9.9999986542389097e-001
9.9999986343755465e-001
9.9999986143666642e-001
9.9999985942122627e-001
9.9999985739123409e-001
9.9999985534669011e-001
9.9999985328759422e-001
9.9999985121394641e-001
9.9999984912574669e-001
9.9999984702299505e-001
9.9999984490569149e-001
9.9999984277383602e-001
9.9999984062742864e-001
9.9999983846646934e-001
9.9999983629095812e-001
9.9999983410089499e-001
9.9999983189627994e-001
9.9999982967711298e-001
9.9999982744339422e-001
9.9999982519512343e-001
9.9999982293230072e-001
9.9999982065492610e-001
9.9999981836299956e-001
9.9999981605652122e-001
9.9999981373549085e-001
9.9999981139990857e-001
9.9999980904977448e-001
9.9999980668508837e-001
9.9999980430585034e-001
9.9999980191206050e-001
9.9999979950371864e-001
9.9999979708082498e-001
9.9999979464337929e-001
9.9999979219138180e-001
9.9999978972483228e-001
9.9999978724373095e-001
9.9999978474807760e-001
9.9999978223787245e-001
9.9999977971311538e-001
9.9999977717380628e-001
9.9999977461994538e-001
9.9999977205153256e-001
9.9999976946856783e-001
9.9999976687105108e-001
9.9999976425898252e-001
9.9999976163236204e-001
9.9999975899118965e-001
9.9999975633546534e-001
9.9999975366518912e-001
9.9999975098036098e-001
9.9999974828098093e-001
9.9999974556704896e-001
9.9999974283856508e-001
9.9999974009552928e-001
9.9999973733794156e-001
9.9999973456580193e-001
9.9999973177911050e-001
9.9999972897786704e-001
9.9999972616207167e-001
9.9999972333172449e-001
9.9999972048682528e-001
9.9999971762737416e-001
9.9999971475337124e-001
9.9999971186481629e-001
9.9999970896170953e-001
9.9999970604405075e-001
9.9999970311184017e-001
9.9999970016507767e-001
9.9999969720376314e-001
9.9999969422789681e-001
9.9999969123747856e-001
9.9999968823250840e-001
9.9999968521298621e-001
9.9999968217891222e-001
9.9999967913028631e-001
9.9999967606710849e-001
9.9999967298937875e-001
9.9999966989709710e-001
9.9999966679026353e-001
9.9999966366887805e-001
9.9999966053294076e-001
9.9999965738245145e-001
9.9999965421741022e-001
9.9999965103781707e-001
9.9999964784367212e-001
9.9999964463497515e-001
9.9999964141172637e-001
9.9999963817392556e-001
9.9999963492157296e-001
9.9999963165466832e-001
9.9999962837321188e-001
9.9999962507720352e-001
9.9999962176664314e-001
9.9999961844153096e-001
9.9999961510186686e-001
9.9999961174765084e-001
9.9999960837888291e-001
9.9999960499556306e-001
9.9999960159769130e-001
9.9999959818526762e-001
9.9999959475829203e-001
9.9999959131676452e-001
9.9999958786068521e-001
9.9999958439005388e-001
9.9999958090487062e-001
9.9999957740513556e-001
9.9999957389084848e-001
9.9999957036200959e-001
9.9999956681861868e-001
9.9999956326067596e-001
9.9999955968818133e-001
9.9999955610113467e-001
9.9999955249953620e-001
9.9999954888338582e-001
9.9999954525268353e-001
9.9999954160742932e-001
9.9999953794762320e-001
9.9999953427326516e-001
9.9999953058435520e-001
9.9999952688089344e-001
9.9999952316287966e-001
9.9999951943031395e-001
9.9999951568319645e-001
9.9999951192152692e-001
9.9999950814530558e-001
9.9999950435453222e-001
9.9999950054920705e-001
9.9999949672932997e-001
9.9999949289490098e-001
9.9999948904591995e-001
9.9999948518238713e-001
9.9999948130430238e-001
9.9999947741166573e-001
9.9999947350447727e-001
9.9999946958273678e-001
9.9999946564644437e-001
9.9999946169560006e-001
9.9999945773020393e-001
9.9999945375025578e-001
9.9999944975575583e-001
9.9999944574670396e-001
9.9999944172310007e-001
9.9999943768494437e-001
9.9999943363223676e-001
9.9999942956497723e-001
9.9999942548316578e-001
9.9999942138680242e-001
9.9999941727588715e-001
9.9999941315041996e-001
9.9999940901040096e-001
9.9999940485582994e-001
9.9999940068670712e-001
9.9999939650303227e-001
9.9999939230480561e-001
9.9999938809202693e-001
9.9999938386469645e-001
9.9999937962281404e-001
9.9999937536637973e-001
9.9999937109539350e-001
9.9999936680985535e-001
9.9999936250976529e-001
9.9999935819512342e-001
9.9999935386592953e-001
9.9999934952218383e-001
9.9999934516388611e-001
9.9999934079103658e-001
9.9999933640363503e-001
9.9999933200168167e-001
9.9999932758517640e-001
9.9999932315411921e-001
9.9999931870851011e-001
9.9999931424834909e-001
9.9999930977363616e-001
9.9999930528437142e-001
9.9999930078055466e-001
9.9999929626218609e-001
9.9999929172926549e-001
9.9999928718179310e-001
9.9999928261976878e-001
9.9999927804319255e-001
9.9999927345206441e-001
9.9999926884638435e-001
9.9999926422615237e-001
9.9999925959136848e-001
9.9999925494203279e-001
9.9999925027814507e-001
9.9999924559970554e-001
9.9999924090671399e-001
9.9999923619917064e-001
9.9999923147707537e-001
9.9999922674042818e-001
9.9999922198922908e-001
9.9999921722347807e-001
9.9999921244317513e-001
9.9999920764832040e-001
9.9999920283891364e-001
9.9999919801495507e-001
9.9999919317644448e-001
9.9999918832338208e-001
9.9999918345576777e-001
9.9999917857360154e-001
9.9999917367688340e-001
9.9999916876561334e-001
9.9999916383979148e-001
9.9999915889941760e-001
9.9999915394449190e-001
9.9999914897501418e-001
9.9999914399098466e-001
9.9999913899240322e-001
9.9999913397926987e-001
9.9999912895158460e-001
9.9999912390934742e-001
9.9999911885255843e-001
9.9999911378121742e-001
9.9999910869532460e-001
9.9999910359487976e-001
9.9999909847988311e-001
9.9999909335033454e-001
9.9999908820623407e-001
9.9999908304758167e-001
9.9999907787437747e-001
9.9999907268662125e-001
9.9999906748431311e-001
9.9999906226745316e-001
9.9999905703604131e-001
9.9999905179007753e-001
9.9999904652956184e-001
9.9999904125449424e-001
9.9999903596487472e-001
9.9999903066070339e-001
9.9999902534198004e-001
9.9999902000870489e-001
9.9999901466087771e-001
9.9999900929849872e-001
9.9999900392156782e-001
9.9999899853008511e-001
9.9999899312405038e-001
9.9999898770346374e-001
9.9999898226832529e-001
9.9999897681863492e-001
9.9999897135439253e-001
9.9999896587559833e-001
9.9999896038225222e-001
9.9999895487435431e-001
9.9999894935190436e-001
9.9999894381490262e-001
9.9999893826334885e-001
9.9999893269724327e-001
9.9999892711658578e-001
9.9999892152137637e-001
9.9999891591161505e-001
9.9999891028730181e-001
9.9999890464843677e-001
9.9999889899501981e-001
9.9999889332705083e-001
9.9999888764453004e-001
9.9999888194745734e-001
9.9999887623583283e-001
9.9999887050965630e-001
9.9999886476892785e-001
9.9999885901364760e-001
9.9999885324381543e-001
9.9999884745943135e-001
9.9999884166049535e-001
9.9999883584700744e-001
9.9999883001896772e-001
9.9999882417637598e-001
9.9999881831923243e-001
9.9999881244753697e-001
9.9999880656128959e-001
9.9999880066049029e-001
9.9999879474513909e-001
9.9999878881523607e-001
9.9999878287078114e-001
9.9999877691177419e-001
9.9999877093821543e-001
9.9999876495010487e-001
9.9999875894744228e-001
9.9999875293022777e-001
9.9999874689846147e-001
9.9999874085214324e-001
9.9999873479127310e-001
9.9999872871585105e-001
9.9999872262587708e-001
9.9999871652135131e-001
9.9999871040227351e-001
9.9999870426864390e-001
9.9999869812046238e-001
9.9999869195772895e-001
9.9999868578044360e-001
9.9999867958860644e-001
9.9999867338221737e-001
9.9999866716127628e-001
9.9999866092578338e-001
9.9999865467573867e-001
9.9999864841114194e-001
9.9999864213199330e-001
9.9999863583829285e-001
9.9999862953004048e-001
9.9999862320723620e-001
9.9999861686988001e-001
9.9999861051797201e-001
9.9999860415151198e-001
9.9999859777050015e-001
9.9999859137493641e-001
9.9999858496482075e-001
9.9999857854015328e-001
9.9999857210093379e-001
9.9999856564716250e-001
9.9999855917883929e-001
9.9999855269596416e-001
9.9999854619853712e-001
9.9999853968655827e-001
9.9999853316002740e-001
9.9999852661894473e-001
9.9999852006331014e-001
9.9999851349312374e-001
9.9999850690838532e-001
9.9999850030909510e-001
9.9999849369525295e-001
9.9999848706685890e-001
9.9999848042391293e-001
9.9999847376641504e-001
9.9999846709436535e-001
9.9999846040776375e-001
9.9999845370661022e-001
9.9999844699090479e-001
9.9999844026064744e-001
9.9999843351583828e-001
9.9999842675647721e-001
9.9999841998256422e-001
9.9999841319409932e-001
9.9999840639108262e-001
9.9999839957351389e-001
9.9999839274139335e-001
9.9999838589472090e-001
9.9999837903349664e-001
9.9999837215772036e-001
9.9999836526739228e-001
9.9999835836251227e-001
9.9999835144308036e-001
9.9999834450909664e-001
9.9999833756056089e-001
9.9999833059747334e-001
9.9999832361983387e-001
9.9999831662764249e-001
9.9999830962089931e-001
9.9999830259960409e-001
9.9999829556375708e-001
9.9999828851335826e-001
9.9999828144840741e-001
9.9999827436890465e-001
9.9999826727485008e-001
9.9999826016624360e-001
9.9999825304308532e-001
9.9999824590537501e-001
9.9999823875311289e-001
9.9999823158629886e-001
9.9999822440493291e-001
9.9999821720901505e-001
9.9999820999854538e-001
9.9999820277352380e-001
9.9999819553395031e-001
9.9999818827982501e-001
9.9999818101114768e-001
9.9999817372791855e-001
9.9999816643013750e-001
9.9999815911780454e-001
9.9999815179091978e-001
9.9999814444948310e-001
9.9999813709349450e-001
9.9999812972295399e-001
9.9999812233786167e-001
9.9999811493821733e-001
9.9999810752402130e-001
9.9999810009527323e-001
9.9999809265197326e-001
9.9999808519412148e-001
9.9999807772171778e-001
9.9999807023476217e-001
9.9999806273325476e-001
9.9999805521719543e-001
9.9999804768658418e-001
9.9999804014142102e-001
9.9999803258170605e-001
9.9999802500743917e-001
9.9999801741862038e-001
9.9999800981524967e-001
9.9999800219732715e-001
9.9999799456485261e-001
9.9999798691782638e-001
9.9999797925624812e-001
9.9999797158011805e-001
9.9999796388943596e-001
9.9999795618420217e-001
9.9999794846441636e-001
9.9999794073007875e-001
9.9999793298118922e-001
9.9999792521774777e-001
9.9999791743975452e-001
9.9999790964720925e-001
9.9999790184011217e-001
9.9999789401846328e-001
9.9999788618226237e-001
9.9999787833150966e-001
9.9999787046620514e-001
9.9999786258634860e-001
9.9999785469194025e-001
9.9999784678297998e-001
9.9999783885946780e-001
9.9999783092140382e-001
9.9999782296878792e-001
9.9999781500162011e-001
9.9999780701990038e-001
9.9999779902362884e-001
9.9999779101280539e-001
9.9999778298743003e-001
9.9999777494750286e-001
9.9999776689302378e-001
9.9999775882399278e-001
9.9999775074040986e-001
9.9999774264227514e-001
9.9999773452958851e-001
9.9999772640235007e-001
9.9999771826055961e-001
9.9999771010421734e-001
9.9999770193332327e-001
9.9999769374787717e-001
9.9999768554787927e-001
9.9999767733332945e-001
9.9999766910422783e-001
9.9999766086057418e-001
9.9999765260236884e-001
9.9999764432961147e-001
9.9999763604230230e-001
9.9999762774044121e-001
9.9999761942402821e-001
9.9999761109306340e-001
9.9999760274754668e-001
9.9999759438747804e-001
9.9999758601285749e-001
9.9999757762368513e-001
9.9999756921996097e-001
9.9999756080168478e-001
9.9999755236885679e-001
9.9999754392147688e-001
9.9999753545954517e-001
9.9999752698306144e-001
9.9999751849202601e-001
9.9999750998643855e-001
9.9999750146629929e-001
9.9999749293160811e-001
9.9999748438236502e-001
9.9999747581857013e-001
9.9999746724022331e-001
9.9999745864732470e-001
9.9999745003987417e-001
9.9999744141787172e-001
9.9999743278131736e-001
9.9999742413021120e-001
9.9999741546455312e-001
9.9999740678434323e-001
9.9999739808958132e-001
9.9999738938026761e-001
9.9999738065640209e-001
9.9999737191798466e-001
9.9999736316501531e-001
9.9999735439749404e-001
9.9999734561542097e-001
9.9999733681879610e-001
9.9999732800761920e-001
9.9999731918189050e-001
9.9999731034160988e-001
9.9999730148677746e-001
9.9999729261739312e-001
9.9999728373345687e-001
9.9999727483496881e-001
9.9999726592192884e-001
9.9999725699433695e-001
9.9999724805219325e-001
9.9999723909549765e-001
9.9999723012425024e-001
9.9999722113845080e-001
9.9999721213809967e-001
9.9999720312319651e-001
9.9999719409374155e-001
9.9999718504973467e-001
9.9999717599117599e-001
9.9999716691806539e-001
9.9999715783040299e-001
9.9999714872818857e-001
9.9999713961142245e-001
9.9999713048010430e-001
9.9999712133423435e-001
9.9999711217381249e-001
9.9999710299883882e-001
9.9999709380931323e-001
9.9999708460523573e-001
9.9999707538660643e-001
9.9999706615342521e-001
9.9999705690569218e-001
9.9999704764340724e-001
9.9999703836657039e-001
9.9999702907518173e-001
9.9999701976924116e-001
9.9999701044874878e-001
9.9999700111370449e-001
9.9999699176410828e-001
9.9999698239996027e-001
9.9999697302126034e-001
9.9999696362800850e-001
9.9999695422020485e-001
9.9999694479784929e-001
9.9999693536094192e-001
9.9999692590948264e-001
9.9999691644347155e-001
9.9999690696290855e-001
9.9999689746779363e-001
9.9999688795812691e-001
9.9999687843390828e-001
9.9999686889513772e-001
9.9999685934181537e-001
9.9999684977394121e-001
9.9999684019151502e-001
9.9999683059453703e-001
9.9999682098300724e-001
9.9999681135692553e-001
9.9999680171629191e-001
9.9999679206110648e-001
9.9999678239136924e-001
9.9999677270707998e-001
9.9999676300823892e-001
9.9999675329484605e-001
9.9999674356690127e-001
9.9999673382440457e-001
9.9999672406735607e-001
9.9999671429575565e-001
9.9999670450960343e-001
9.9999669470889929e-001
9.9999668489364335e-001
9.9999667506383549e-001
9.9999666521947572e-001
9.9999665536056415e-001
9.9999664548710065e-001
9.9999663559908536e-001
9.9999662569651815e-001
9.9999661577939913e-001
9.9999660584772820e-001
9.9999659590150536e-001
9.9999658594073071e-001
9.9999657596540426e-001
9.9999656597552578e-001
9.9999655597109560e-001
9.9999654595211340e-001
9.9999653591857951e-001
9.9999652587049359e-001
9.9999651580785587e-001
9.9999650573066634e-001
9.9999649563892490e-001
9.9999648553263154e-001
9.9999647541178638e-001
9.9999646527638941e-001
9.9999645512644053e-001
9.9999644496193973e-001
9.9999643478288713e-001
9.9999642458928262e-001
9.9999641438112630e-001
9.9999640415841806e-001
9.9999639392115802e-001
9.9999638366934607e-001
9.9999637340298220e-001
9.9999636312206652e-001
9.9999635282659904e-001
9.9999634251657965e-001
9.9999633219200845e-001
9.9999632185288534e-001
9.9999631149921031e-001
9.9999630113098348e-001
9.9999629074820473e-001
9.9999628035087418e-001
9.9999626993899182e-001
9.9999625951255755e-001
9.9999624907157136e-001
9.9999623861603337e-001
9.9999622814594347e-001
9.9999621766130176e-001
9.9999620716210824e-001
9.9999619664836281e-001
9.9999618612006547e-001
9.9999617557721632e-001
9.9999616501981525e-001
9.9999615444786238e-001
9.9999614386135771e-001
9.9999613326030101e-001
9.9999612264469262e-001
9.9999611201453231e-001
9.9999610136982009e-001
9.9999609071055606e-001
9.9999608003674023e-001
9.9999606934837237e-001
9.9999605864545282e-001
9.9999604792798136e-001
9.9999603719595798e-001
9.9999602644938279e-001
9.9999601568825580e-001
9.9999600491257690e-001
9.9999599412234619e-001
9.9999598331756356e-001
9.9999597249822902e-001
9.9999596166434279e-001
9.9999595081590453e-001
9.9999593995291458e-001
9.9999592907537260e-001
9.9999591818327893e-001
9.9999590727663323e-001
9.9999589635543584e-001
9.9999588541968654e-001
9.9999587446938532e-001
9.9999586350453229e-001
9.9999585252512746e-001
9.9999584153117071e-001
9.9999583052266205e-001
9.9999581949960159e-001
9.9999580846198932e-001
9.9999579740982514e-001
9.9999578634310915e-001
9.9999577526184136e-001
9.9999576416602165e-001
9.9999575305565003e-001
9.9999574193072660e-001
9.9999573079125137e-001
9.9999571963722422e-001
9.9999570846864516e-001
9.9999569728551441e-001
9.9999568608783174e-001
9.9999567487559715e-001
9.9999566364881076e-001
9.9999565240747246e-001
9.9999564115158246e-001
9.9999562988114044e-001
9.9999561859614672e-001
9.9999560729660097e-001
9.9999559598250354e-001
9.9999558465385419e-001
9.9999557331065292e-001
9.9999556195289985e-001
9.9999555058059497e-001
9.9999553919373818e-001
9.9999552779232959e-001
9.9999551637636919e-001
9.9999550494585687e-001
9.9999549350079264e-001
9.9999548204117672e-001
9.9999547056700888e-001
9.9999545907828913e-001
9.9999544757501757e-001
9.9999543605719421e-001
9.9999542452481893e-001
9.9999541297789185e-001
9.9999540141641285e-001
9.9999538984038205e-001
9.9999537824979945e-001
9.9999536664466493e-001
9.9999535502497860e-001
9.9999534339074037e-001
9.9999533174195032e-001
9.9999532007860847e-001
9.9999530840071471e-001
9.9999529670826914e-001
9.9999528500127177e-001
9.9999527327972249e-001
9.9999526154362128e-001
9.9999524979296839e-001
9.9999523802776358e-001
9.9999522624800685e-001
9.9999521445369843e-001
9.9999520264483810e-001
9.9999519082142585e-001
9.9999517898346180e-001
9.9999516713094594e-001
9.9999515526387817e-001
9.9999514338225859e-001
9.9999513148608721e-001
9.9999511957536391e-001
9.9999510765008881e-001
9.9999509571026191e-001
9.9999508375588309e-001
9.9999507178695246e-001
9.9999505980346992e-001
9.9999504780543569e-001
9.9999503579284943e-001
9.9999502376571148e-001
9.9999501172402161e-001
9.9999499966777994e-001
9.9999498759698635e-001
9.9999497551164096e-001
9.9999496341174376e-001
9.9999495129729465e-001
9.9999493916829385e-001
9.9999492702474102e-001
9.9999491486663650e-001
9.9999490269398006e-001
9.9999489050677171e-001
9.9999487830501166e-001
9.9999486608869970e-001
9.9999485385783593e-001
9.9999484161242025e-001
9.9999482935245276e-001
9.9999481707793347e-001
9.9999480478886227e-001
9.9999479248523926e-001
9.9999478016706445e-001
9.9999476783433783e-001
9.9999475548705929e-001
9.9999474312522896e-001
9.9999473074884671e-001
9.9999471835791276e-001
9.9999470595242690e-001
9.9999469353238912e-001
9.9999468109779965e-001
9.9999466864865827e-001
9.9999465618496497e-001
9.9999464370671998e-001
9.9999463121392307e-001
9.9999461870657436e-001
9.9999460618467373e-001
9.9999459364822130e-001
9.9999458109721706e-001
9.9999456853166102e-001
9.9999455595155307e-001
9.9999454335689331e-001
9.9999453074768174e-001
9.9999451812391837e-001
9.9999450548560309e-001
9.9999449283273600e-001
9.9999448016531711e-001
9.9999446748334631e-001
9.9999445478682369e-001
9.9999444207574928e-001
9.9999442935012306e-001
9.9999441660994492e-001
9.9999440385521499e-001
9.9999439108593324e-001
9.9999437830209958e-001
9.9999436550371423e-001
9.9999435269077697e-001
9.9999433986328778e-001
9.9999432702124691e-001
9.9999431416465412e-001
9.9999430129350952e-001
9.9999428840781313e-001
9.9999427550756481e-001
9.9999426259276469e-001
9.9999424966341277e-001
9.9999423671950904e-001
9.9999422376105340e-001
9.9999421078804607e-001
9.9999419780048682e-001
9.9999418479837565e-001
9.9999417178171279e-001
9.9999415875049802e-001
9.9999414570473144e-001
9.9999413264441306e-001
9.9999411956954287e-001
9.9999410648012077e-001
9.9999409337614686e-001
9.9999408025762115e-001
9.9999406712454364e-001
9.9999405397691421e-001
9.9999404081473298e-001
9.9999402763799994e-001
9.9999401444671510e-001
9.9999400124087845e-001
9.9999398802048989e-001
9.9999397478554952e-001
9.9999396153605735e-001
9.9999394827201338e-001
9.9999393499341749e-001
9.9999392170026991e-001
9.9999390839257041e-001
9.9999389507031911e-001
9.9999388173351589e-001
9.9999386838216098e-001
9.9999385501625415e-001
9.9999384163579552e-001
9.9999382824078509e-001
9.9999381483122285e-001
9.9999380140710881e-001
9.9999378796844285e-001
9.9999377451522509e-001
9.9999376104745552e-001
9.9999374756513415e-001
9.9999373406826086e-001
9.9999372055683589e-001
9.9999370703085899e-001
9.9999369349033029e-001
9.9999367993524979e-001
9.9999366636561748e-001
9.9999365278143337e-001
9.9999363918269735e-001
9.9999362556940952e-001
9.9999361194156988e-001
9.9999359829917844e-001
9.9999358464223520e-001
9.9999357097074015e-001
9.9999355728469319e-001
9.9999354358409442e-001
9.9999352986894385e-001
9.9999351613924148e-001
9.9999350239498730e-001
9.9999348863618132e-001
9.9999347486282342e-001
9.9999346107491383e-001
9.9999344727245232e-001
9.9999343345543901e-001
9.9999341962387389e-001
9.9999340577775697e-001
9.9999339191708825e-001
9.9999337804186761e-001
9.9999336415209528e-001
9.9999335024777103e-001
9.9999333632889498e-001
9.9999332239546712e-001
9.9999330844748746e-001
9.9999329448495600e-001
9.9999328050787273e-001
9.9999326651623754e-001
9.9999325251005067e-001
9.9999323848931188e-001
9.9999322445402128e-001
9.9999321040417888e-001
9.9999319633978467e-001
9.9999318226083866e-001
9.9999316816734085e-001
9.9999315405929123e-001
9.9999313993668970e-001
9.9999312579953648e-001
9.9999311164783133e-001
9.9999309748157439e-001
9.9999308330076564e-001
9.9999306910540509e-001
9.9999305489549273e-001
9.9999304067102857e-001
9.9999302643201260e-001
9.9999301217844483e-001
9.9999299791032525e-001
9.9999298362765376e-001
9.9999296933043058e-001
9.9999295501865548e-001
9.9999294069232858e-001
9.9999292635144998e-001
9.9999291199601947e-001
9.9999289762603716e-001
9.9999288324150304e-001
9.9999286884241712e-001
9.9999285442877939e-001
9.9999284000058986e-001
9.9999282555784841e-001
9.9999281110055527e-001
9.9999279662871032e-001
9.9999278214231346e-001
9.9999276764136491e-001
9.9999275312586444e-001
9.9999273859581228e-001
9.9999272405120820e-001
9.9999270949205243e-001
9.9999269491834475e-001
9.9999268033008526e-001
9.9999266572727397e-001
9.9999265110991098e-001
9.9999263647799608e-001
9.9999262183152937e-001
9.9999260717051086e-001
9.9999259249494055e-001
9.9999257780481843e-001
9.9999256310014450e-001
9.9999254838091878e-001
9.9999253364714125e-001
9.9999251889881191e-001
9.9999250413593077e-001
9.9999248935849783e-001
9.9999247456651297e-001
9.9999245975997642e-001
9.9999244493888806e-001
9.9999243010324790e-001
9.9999241525305593e-001
9.9999240038831216e-001
9.9999238550901648e-001
